time	I(L1)
0.000000000000000e+000	8.331931e-001
1.999999992008394e-011	8.331931e-001
7.999999968033578e-011	8.331931e-001
3.199999987213431e-010	8.331931e-001
1.006310719994777e-003	8.331931e-001
2.030310719994708e-003	8.331931e-001
3.054310719994844e-003	8.331931e-001
4.078310719994979e-003	8.331931e-001
5.000000000000000e-003	8.331931e-001
5.000007500000001e-003	8.331931e-001
5.000007750000000e-003	8.331931e-001
5.000007812500000e-003	8.331931e-001
5.000007937500000e-003	8.331931e-001
5.000008187500000e-003	8.331931e-001
5.000008687500000e-003	8.331930e-001
5.000009000000001e-003	8.331930e-001
5.000009374999999e-003	8.331930e-001
5.000010000000000e-003	8.331930e-001
5.058033937502407e-003	8.324313e-001
5.204176794645284e-003	8.304242e-001
5.350319651788161e-003	8.282967e-001
5.496462508931037e-003	8.260488e-001
5.642605366073914e-003	8.236803e-001
5.788748223216790e-003	8.211914e-001
5.934891080359667e-003	8.185820e-001
6.081033937502543e-003	8.158521e-001
6.082033937502543e-003	8.158330e-001
6.228176794645420e-003	8.129848e-001
6.374319651788297e-003	8.100227e-001
6.520462508931173e-003	8.069467e-001
6.666605366074050e-003	8.037567e-001
6.812748223216926e-003	8.004528e-001
6.958891080359803e-003	7.970350e-001
7.105033937502679e-003	7.935033e-001
7.106033937502679e-003	7.934788e-001
8.130033937502539e-003	7.657073e-001
9.154033937501787e-003	7.328888e-001
1.017803393750104e-002	6.954215e-001
1.120203393750028e-002	6.537275e-001
1.222603393749953e-002	6.082489e-001
1.325003393749878e-002	5.594439e-001
1.427403393749803e-002	5.077826e-001
1.529803393749727e-002	4.537436e-001
1.632203393749773e-002	3.978094e-001
1.734603393749876e-002	3.404632e-001
1.837003393749978e-002	2.821845e-001
1.939403393750080e-002	2.234465e-001
2.041803393750183e-002	1.647118e-001
2.144203393750285e-002	1.064294e-001
2.246603393750388e-002	4.903204e-002
2.259389108036115e-002	4.194638e-002
2.272174822321842e-002	3.488370e-002
2.284960536607569e-002	2.784399e-002
2.297746250893296e-002	2.082725e-002
2.310531965179023e-002	1.383348e-002
2.323317679464750e-002	6.862688e-003
2.336103393750477e-002	-8.513469e-005
2.349003393750490e-002	-7.067170e-003
2.363617679464791e-002	-1.494726e-002
2.378231965179091e-002	-2.278911e-002
2.392846250893391e-002	-3.059272e-002
2.407460536607691e-002	-3.835809e-002
2.422074822321992e-002	-4.608523e-002
2.436689108036292e-002	-5.377412e-002
2.451303393750592e-002	-6.142478e-002
2.451403393750593e-002	-6.147697e-002
2.466017679464893e-002	-6.908525e-002
2.480631965179193e-002	-7.664807e-002
2.495246250893493e-002	-8.416545e-002
2.509860536607794e-002	-9.163737e-002
2.524474822322094e-002	-9.906385e-002
2.539089108036394e-002	-1.064449e-001
2.553703393750695e-002	-1.137804e-001
2.553803393750695e-002	-1.138304e-001
2.656203393750797e-002	-1.637871e-001
2.758603393750900e-002	-2.110348e-001
2.861003393751002e-002	-2.552910e-001
2.963403393751105e-002	-2.963045e-001
3.065803393751207e-002	-3.338562e-001
3.168203393751309e-002	-3.677596e-001
3.270603393751412e-002	-3.978619e-001
3.373003393751514e-002	-4.240437e-001
3.475403393751617e-002	-4.462189e-001
3.577803393751719e-002	-4.643348e-001
3.680203393751821e-002	-4.783711e-001
3.782603393751924e-002	-4.883394e-001
3.885003393752026e-002	-4.942821e-001
3.987403393752129e-002	-4.962710e-001
4.089803393752231e-002	-4.944062e-001
4.101774822323671e-002	-4.939415e-001
4.113746250895112e-002	-4.934267e-001
4.125717679466553e-002	-4.928618e-001
4.137689108037993e-002	-4.922467e-001
4.149660536609433e-002	-4.915814e-001
4.161631965180875e-002	-4.908660e-001
4.173603393752315e-002	-4.901005e-001
4.192203393752333e-002	-4.888142e-001
4.206817679466634e-002	-4.877195e-001
4.221431965180934e-002	-4.865537e-001
4.236046250895235e-002	-4.853167e-001
4.250660536609534e-002	-4.840085e-001
4.265274822323835e-002	-4.826293e-001
4.279889108038135e-002	-4.811788e-001
4.294503393752436e-002	-4.796573e-001
4.294603393752436e-002	-4.796466e-001
4.309217679466736e-002	-4.780552e-001
4.323831965181037e-002	-4.763963e-001
4.338446250895337e-002	-4.746701e-001
4.353060536609637e-002	-4.728765e-001
4.367674822323937e-002	-4.710156e-001
4.382289108038238e-002	-4.690873e-001
4.396903393752538e-002	-4.670916e-001
4.397003393752538e-002	-4.670777e-001
4.499403393752641e-002	-4.513027e-001
4.601803393752743e-002	-4.325358e-001
4.704203393752846e-002	-4.110077e-001
4.806603393752948e-002	-3.869636e-001
4.909003393753050e-002	-3.606607e-001
5.011403393753153e-002	-3.323660e-001
5.113803393753255e-002	-3.023541e-001
5.216203393753358e-002	-2.709045e-001
5.318603393753460e-002	-2.382997e-001
5.421003393753562e-002	-2.048227e-001
5.523403393753665e-002	-1.707550e-001
5.625803393753767e-002	-1.363744e-001
5.728203393753870e-002	-1.019529e-001
5.830603393753972e-002	-6.775517e-002
5.933003393754074e-002	-3.403606e-002
5.947617679468375e-002	-2.927546e-002
5.962231965182675e-002	-2.453197e-002
5.976846250896976e-002	-1.980561e-002
5.991460536611275e-002	-1.509637e-002
6.006074822325576e-002	-1.040425e-002
6.020689108039876e-002	-5.729257e-003
6.035303393754177e-002	-1.071383e-003
6.035403393754177e-002	-1.039588e-003
6.039017679468466e-002	1.089612e-004
6.042631965182756e-002	1.256287e-003
6.046246250897045e-002	2.402388e-003
6.049860536611334e-002	3.547265e-003
6.053474822325623e-002	4.690917e-003
6.057089108039913e-002	5.833345e-003
6.060703393754202e-002	6.974549e-003
6.071703393754213e-002	1.044059e-002
6.082703393754224e-002	1.389403e-002
6.093703393754235e-002	1.733487e-002
6.104703393754246e-002	2.076310e-002
6.115703393754257e-002	2.417874e-002
6.126703393754268e-002	2.758177e-002
6.137703393754279e-002	3.097220e-002
6.137803393754279e-002	3.100295e-002
6.152417679468580e-002	3.548684e-002
6.167031965182880e-002	3.994475e-002
6.181646250897181e-002	4.437670e-002
6.196260536611480e-002	4.878267e-002
6.210874822325781e-002	5.316268e-002
6.225489108040081e-002	5.751671e-002
6.240103393754382e-002	6.184478e-002
6.240203393754382e-002	6.187429e-002
6.342603393754484e-002	9.137245e-002
6.445003393754586e-002	1.193118e-001
6.547403393754689e-002	1.455242e-001
6.649803393754791e-002	1.698594e-001
6.752203393754894e-002	1.921860e-001
6.854603393754996e-002	2.123919e-001
6.957003393755099e-002	2.303842e-001
7.059403393755201e-002	2.460899e-001
7.161803393755303e-002	2.594556e-001
7.264203393755406e-002	2.704472e-001
7.366603393755508e-002	2.790499e-001
7.469003393755611e-002	2.852675e-001
7.571403393755713e-002	2.891219e-001
7.673803393755815e-002	2.906527e-001
7.776203393755918e-002	2.899157e-001
7.790560536613075e-002	2.896345e-001
7.804917679470232e-002	2.893108e-001
7.819274822327389e-002	2.889448e-001
7.833631965184547e-002	2.885364e-001
7.847989108041704e-002	2.880856e-001
7.862346250898861e-002	2.875924e-001
7.876703393756018e-002	2.870568e-001
7.878603393756020e-002	2.869829e-001
7.893217679470320e-002	2.863894e-001
7.907831965184621e-002	2.857539e-001
7.922446250898921e-002	2.850764e-001
7.937060536613222e-002	2.843569e-001
7.951674822327522e-002	2.835954e-001
7.966289108041823e-002	2.827919e-001
7.980903393756123e-002	2.819464e-001
7.981003393756123e-002	2.819405e-001
7.995617679470422e-002	2.810537e-001
8.010231965184723e-002	2.801271e-001
8.024846250899023e-002	2.791606e-001
8.039460536613324e-002	2.781544e-001
8.054074822327624e-002	2.771082e-001
8.068689108041925e-002	2.760223e-001
8.083303393756225e-002	2.748965e-001
8.083403393756225e-002	2.748887e-001
8.185803393756327e-002	2.659400e-001
8.288203393756430e-002	2.552181e-001
8.390603393756532e-002	2.428567e-001
8.493003393756635e-002	2.289982e-001
8.595403393756737e-002	2.137921e-001
8.697803393756839e-002	1.973942e-001
8.800203393756942e-002	1.799645e-001
8.902603393757044e-002	1.616665e-001
9.005003393757147e-002	1.426653e-001
9.107403393757249e-002	1.231269e-001
9.209803393757352e-002	1.032163e-001
9.312203393757454e-002	8.309667e-002
9.414603393757556e-002	6.292798e-002
9.517003393757659e-002	4.286594e-002
9.619403393757761e-002	2.306087e-002
9.634017679472061e-002	2.026277e-002
9.648631965186362e-002	1.747425e-002
9.663246250900662e-002	1.469532e-002
9.677860536614963e-002	1.192598e-002
9.692474822329263e-002	9.166220e-003
9.707089108043564e-002	6.416051e-003
9.721703393757863e-002	3.675469e-003
9.721803393757864e-002	3.656760e-003
9.724646250900723e-002	3.125108e-003
9.727489108043584e-002	2.593880e-003
9.730331965186444e-002	2.063077e-003
9.733174822329303e-002	1.532700e-003
9.736017679472163e-002	1.002747e-003
9.738860536615024e-002	4.732186e-004
9.741703393757883e-002	-5.588471e-005
9.753474822329324e-002	-2.242545e-003
9.765246250900764e-002	-4.421064e-003
9.777017679472204e-002	-6.591442e-003
9.788789108043645e-002	-8.753680e-003
9.800560536615086e-002	-1.090778e-002
9.812331965186526e-002	-1.305373e-002
9.824103393757966e-002	-1.519155e-002
9.824203393757966e-002	-1.520967e-002
9.838817679472266e-002	-1.785167e-002
9.853431965186567e-002	-2.047885e-002
9.868046250900867e-002	-2.309120e-002
9.882660536615168e-002	-2.568873e-002
9.897274822329467e-002	-2.827144e-002
9.911889108043769e-002	-3.083932e-002
9.926503393758068e-002	-3.339237e-002
9.926603393758068e-002	-3.340979e-002
9.941217679472368e-002	-3.594664e-002
9.955831965186669e-002	-3.846633e-002
9.970446250900969e-002	-4.096885e-002
9.985060536615270e-002	-4.345420e-002
9.999674822329570e-002	-4.592238e-002
1.001428910804387e-001	-4.837339e-002
1.002890339375817e-001	-5.080723e-002
1.002900339375817e-001	-5.082381e-002
1.013140339375827e-001	-6.734147e-002
1.023380339375838e-001	-8.286256e-002
1.033620339375848e-001	-9.729742e-002
1.043860339375858e-001	-1.105673e-001
1.054100339375868e-001	-1.226047e-001
1.064340339375879e-001	-1.333534e-001
1.074580339375889e-001	-1.427688e-001
1.084820339375899e-001	-1.508178e-001
1.095060339375909e-001	-1.574787e-001
1.105300339375920e-001	-1.627408e-001
1.115540339375930e-001	-1.666049e-001
1.125780339375940e-001	-1.690820e-001
1.136020339375950e-001	-1.701937e-001
1.146260339375960e-001	-1.699713e-001
1.147721767947390e-001	-1.698327e-001
1.149183196518821e-001	-1.696681e-001
1.150644625090251e-001	-1.694778e-001
1.152106053661681e-001	-1.692615e-001
1.153567482233111e-001	-1.690193e-001
1.155028910804541e-001	-1.687513e-001
1.156490339375971e-001	-1.684574e-001
1.156500339375971e-001	-1.684553e-001
1.157541767947400e-001	-1.682304e-001
1.158583196518830e-001	-1.679928e-001
1.159624625090260e-001	-1.677425e-001
1.160666053661689e-001	-1.674796e-001
1.161707482233119e-001	-1.672039e-001
1.162748910804548e-001	-1.669156e-001
1.163790339375978e-001	-1.666147e-001
1.166740339375981e-001	-1.656951e-001
1.168201767947411e-001	-1.652025e-001
1.169663196518841e-001	-1.646863e-001
1.171124625090271e-001	-1.641466e-001
1.172586053661701e-001	-1.635834e-001
1.174047482233131e-001	-1.629966e-001
1.175508910804561e-001	-1.623863e-001
1.176970339375991e-001	-1.617524e-001
1.176980339375991e-001	-1.617480e-001
1.187220339376001e-001	-1.566789e-001
1.197460339376012e-001	-1.505592e-001
1.207700339376022e-001	-1.434663e-001
1.217940339376032e-001	-1.354828e-001
1.228180339376042e-001	-1.266959e-001
1.238420339376053e-001	-1.171961e-001
1.248660339376063e-001	-1.070768e-001
1.258900339376073e-001	-9.643357e-002
1.269140339376083e-001	-8.536300e-002
1.279380339376094e-001	-7.396226e-002
1.289620339376104e-001	-6.232816e-002
1.299860339376114e-001	-5.055648e-002
1.310100339376124e-001	-3.874129e-002
1.320340339376135e-001	-2.697421e-002
1.330580339376145e-001	-1.534385e-002
1.332041767947575e-001	-1.369955e-002
1.333503196519005e-001	-1.206060e-002
1.334964625090435e-001	-1.042700e-002
1.336426053661865e-001	-8.798764e-003
1.337887482233295e-001	-7.175878e-003
1.339348910804725e-001	-5.558346e-003
1.340810339376155e-001	-3.946168e-003
1.340820339376155e-001	-3.935162e-003
1.341348910804727e-001	-3.353774e-003
1.341877482233299e-001	-2.773231e-003
1.342406053661871e-001	-2.193533e-003
1.342934625090443e-001	-1.614679e-003
1.343463196519015e-001	-1.036669e-003
1.343991767947587e-001	-4.595046e-004
1.344520339376159e-001	1.168157e-004
1.345453196519017e-001	1.131881e-003
1.346386053661875e-001	2.143998e-003
1.347318910804733e-001	3.153168e-003
1.348251767947591e-001	4.159390e-003
1.349184625090449e-001	5.162665e-003
1.350117482233307e-001	6.162992e-003
1.351050339376165e-001	7.160372e-003
1.351060339376165e-001	7.171045e-003
1.352521767947595e-001	8.727455e-003
1.353983196519025e-001	1.027541e-002
1.355444625090455e-001	1.181491e-002
1.356906053661885e-001	1.334596e-002
1.358367482233316e-001	1.486855e-002
1.359828910804745e-001	1.638269e-002
1.361290339376176e-001	1.788838e-002
1.361300339376176e-001	1.789865e-002
1.362761767947606e-001	1.939507e-002
1.364223196519036e-001	2.088164e-002
1.365684625090466e-001	2.235837e-002
1.367146053661896e-001	2.382525e-002
1.368607482233326e-001	2.528229e-002
1.370068910804756e-001	2.672948e-002
1.371530339376186e-001	2.816683e-002
1.371540339376186e-001	2.817662e-002
1.381780339376196e-001	3.793948e-002
1.392020339376206e-001	4.712756e-002
1.402260339376217e-001	5.568733e-002
1.412500339376227e-001	6.357165e-002
1.422740339376237e-001	7.073992e-002
1.432980339376247e-001	7.715816e-002
1.443220339376257e-001	8.279915e-002
1.453460339376268e-001	8.764242e-002
1.463700339376278e-001	9.167416e-002
1.473940339376288e-001	9.488720e-002
1.484180339376298e-001	9.728084e-002
1.494420339376309e-001	9.886064e-002
1.504660339376319e-001	9.963826e-002
1.514900339376329e-001	9.963112e-002
1.516361767947759e-001	9.956718e-002
1.517823196519189e-001	9.948799e-002
1.519284625090619e-001	9.939354e-002
1.520746053662049e-001	9.928385e-002
1.522207482233479e-001	9.915891e-002
1.523668910804909e-001	9.901872e-002
1.525130339376339e-001	9.886327e-002
1.525140339376339e-001	9.886216e-002
1.526434625090626e-001	9.871194e-002
1.527728910804913e-001	9.855021e-002
1.529023196519200e-001	9.837698e-002
1.530317482233488e-001	9.819224e-002
1.531611767947775e-001	9.799601e-002
1.532906053662062e-001	9.778827e-002
1.534200339376348e-001	9.756903e-002
1.535380339376350e-001	9.735947e-002
1.536841767947780e-001	9.708677e-002
1.538303196519210e-001	9.680016e-002
1.539764625090640e-001	9.649963e-002
1.541226053662070e-001	9.618519e-002
1.542687482233500e-001	9.585684e-002
1.544148910804930e-001	9.551458e-002
1.545610339376360e-001	9.515841e-002
1.545620339376360e-001	9.515593e-002
1.547081767947790e-001	9.478612e-002
1.548543196519220e-001	9.440320e-002
1.550004625090650e-001	9.400717e-002
1.551466053662080e-001	9.359802e-002
1.552927482233510e-001	9.317577e-002
1.554388910804940e-001	9.274041e-002
1.555850339376370e-001	9.229194e-002
1.555860339376370e-001	9.228882e-002
1.566100339376380e-001	8.879942e-002
1.576340339376391e-001	8.473257e-002
1.586580339376401e-001	8.013618e-002
1.596820339376411e-001	7.506087e-002
1.607060339376421e-001	6.955940e-002
1.617300339376432e-001	6.368628e-002
1.627540339376442e-001	5.749726e-002
1.637780339376452e-001	5.104890e-002
1.648020339376462e-001	4.439806e-002
1.658260339376473e-001	3.760152e-002
1.668500339376483e-001	3.071552e-002
1.678740339376493e-001	2.379532e-002
1.688980339376503e-001	1.689486e-002
1.699220339376514e-001	1.006633e-002
1.700681767947944e-001	9.100243e-003
1.702143196519373e-001	8.137139e-003
1.703604625090804e-001	7.177017e-003
1.705066053662234e-001	6.219876e-003
1.706527482233664e-001	5.265717e-003
1.707988910805094e-001	4.314539e-003
1.709450339376524e-001	3.366343e-003
1.709460339376524e-001	3.359869e-003
1.710218910805096e-001	2.869198e-003
1.710977482233668e-001	2.379526e-003
1.711736053662240e-001	1.890853e-003
1.712494625090812e-001	1.403179e-003
1.713253196519385e-001	9.165025e-004
1.714011767947957e-001	4.308250e-004
1.714770339376529e-001	-5.385398e-005
1.715473196519387e-001	-5.019794e-004
1.716176053662245e-001	-9.491415e-004
1.716878910805103e-001	-1.395340e-003
1.717581767947961e-001	-1.840576e-003
1.718284625090818e-001	-2.284848e-003
1.718987482233676e-001	-2.728157e-003
1.719690339376534e-001	-3.170502e-003
1.719700339376534e-001	-3.176788e-003
1.721161767947964e-001	-4.093486e-003
1.722623196519394e-001	-5.005369e-003
1.724084625090824e-001	-5.912435e-003
1.725546053662254e-001	-6.814685e-003
1.727007482233684e-001	-7.712120e-003
1.728468910805114e-001	-8.604738e-003
1.729930339376544e-001	-9.492541e-003
1.729940339376544e-001	-9.498596e-003
1.731401767947974e-001	-1.038110e-002
1.732863196519404e-001	-1.125797e-002
1.734324625090834e-001	-1.212920e-002
1.735786053662264e-001	-1.299478e-002
1.737247482233695e-001	-1.385472e-002
1.738708910805124e-001	-1.470902e-002
1.740170339376554e-001	-1.555768e-002
1.740180339376554e-001	-1.556347e-002
1.750420339376565e-001	-2.133250e-002
1.760660339376575e-001	-2.677020e-002
1.770900339376585e-001	-3.184463e-002
1.781140339376595e-001	-3.652757e-002
1.791380339376606e-001	-4.079461e-002
1.801620339376616e-001	-4.462526e-002
1.811860339376626e-001	-4.800291e-002
1.822100339376636e-001	-5.091495e-002
1.832340339376647e-001	-5.335268e-002
1.842580339376657e-001	-5.531128e-002
1.852820339376667e-001	-5.678973e-002
1.863060339376677e-001	-5.779073e-002
1.873300339376688e-001	-5.832053e-002
1.883540339376698e-001	-5.838883e-002
1.885001767948128e-001	-5.836154e-002
1.886463196519558e-001	-5.832527e-002
1.887924625090988e-001	-5.828001e-002
1.889386053662418e-001	-5.822577e-002
1.890847482233848e-001	-5.816254e-002
1.892308910805278e-001	-5.809033e-002
1.893770339376708e-001	-5.800913e-002
1.893780339376708e-001	-5.800855e-002
1.895241767948138e-001	-5.791846e-002
1.896703196519568e-001	-5.781973e-002
1.898164625090998e-001	-5.771238e-002
1.899626053662428e-001	-5.759640e-002
1.901087482233858e-001	-5.747179e-002
1.902548910805288e-001	-5.733854e-002
1.904010339376718e-001	-5.719667e-002
1.904020339376718e-001	-5.719567e-002
1.905481767948148e-001	-5.704529e-002
1.906943196519578e-001	-5.688670e-002
1.908404625091008e-001	-5.671988e-002
1.909866053662438e-001	-5.654485e-002
1.911327482233869e-001	-5.636159e-002
1.912788910805298e-001	-5.617012e-002
1.914250339376729e-001	-5.597042e-002
1.914260339376729e-001	-5.596903e-002
1.915721767948159e-001	-5.576127e-002
1.917183196519589e-001	-5.554576e-002
1.918644625091019e-001	-5.532249e-002
1.920106053662449e-001	-5.509146e-002
1.921567482233879e-001	-5.485268e-002
1.923028910805309e-001	-5.460613e-002
1.924490339376739e-001	-5.435183e-002
1.924500339376739e-001	-5.435007e-002
1.934740339376749e-001	-5.236261e-002
1.944980339376759e-001	-5.003258e-002
1.955220339376770e-001	-4.738780e-002
1.965460339376780e-001	-4.445769e-002
1.975700339376790e-001	-4.127294e-002
1.985940339376800e-001	-3.786536e-002
1.996180339376810e-001	-3.426751e-002
2.006420339376821e-001	-3.051244e-002
2.016660339376831e-001	-2.663346e-002
2.026900339376841e-001	-2.266385e-002
2.037140339376851e-001	-1.863661e-002
2.047380339376862e-001	-1.458423e-002
2.057620339376872e-001	-1.053844e-002
2.067860339376882e-001	-6.529982e-003
2.078100339376892e-001	-2.588430e-003
2.079083196519750e-001	-2.214620e-003
2.080066053662609e-001	-1.841770e-003
2.081048910805467e-001	-1.469882e-003
2.082031767948325e-001	-1.098956e-003
2.083014625091183e-001	-7.289905e-004
2.083997482234041e-001	-3.599867e-004
2.084980339376899e-001	8.055750e-006
2.085458910805471e-001	1.868638e-004
2.085937482234043e-001	3.654149e-004
2.086416053662615e-001	5.437091e-004
2.086894625091187e-001	7.217464e-004
2.087373196519759e-001	8.995268e-004
2.087851767948331e-001	1.077050e-003
2.088330339376903e-001	1.254317e-003
2.088340339376903e-001	1.258018e-003
2.089801767948333e-001	1.797829e-003
2.091263196519763e-001	2.334899e-003
2.092724625091193e-001	2.869229e-003
2.094186053662623e-001	3.400819e-003
2.095647482234053e-001	3.929668e-003
2.097108910805483e-001	4.455777e-003
2.098570339376913e-001	4.979146e-003
2.098580339376913e-001	4.982715e-003
2.100041767948343e-001	5.503062e-003
2.101503196519773e-001	6.020178e-003
2.102964625091203e-001	6.534064e-003
2.104426053662633e-001	7.044720e-003
2.105887482234063e-001	7.552146e-003
2.107348910805493e-001	8.056342e-003
2.108810339376923e-001	8.557308e-003
2.108820339376923e-001	8.560724e-003
2.119060339376933e-001	1.196895e-002
2.129300339376944e-001	1.518628e-002
2.139540339376954e-001	1.819367e-002
2.149780339376964e-001	2.097423e-002
2.160020339376974e-001	2.351332e-002
2.170260339376985e-001	2.579855e-002
2.180500339376995e-001	2.781984e-002
2.190740339377005e-001	2.956942e-002
2.200980339377015e-001	3.104185e-002
2.211220339377026e-001	3.223392e-002
2.221460339377036e-001	3.314470e-002
2.231700339377046e-001	3.377543e-002
2.241940339377056e-001	3.412944e-002
2.252180339377067e-001	3.421209e-002
2.253641767948497e-001	3.420209e-002
2.255103196519926e-001	3.418680e-002
2.256564625091357e-001	3.416622e-002
2.258026053662787e-001	3.414034e-002
2.259487482234217e-001	3.410917e-002
2.260948910805647e-001	3.407271e-002
2.262410339377077e-001	3.403096e-002
2.262420339377077e-001	3.403065e-002
2.263881767948507e-001	3.398366e-002
2.265343196519937e-001	3.393157e-002
2.266804625091367e-001	3.387439e-002
2.268266053662797e-001	3.381212e-002
2.269727482234227e-001	3.374476e-002
2.271188910805657e-001	3.367232e-002
2.272650339377087e-001	3.359478e-002
2.272660339377087e-001	3.359423e-002
2.274121767948517e-001	3.351167e-002
2.275583196519947e-001	3.342425e-002
2.277044625091377e-001	3.333198e-002
2.278506053662807e-001	3.323486e-002
2.279967482234237e-001	3.313288e-002
2.281428910805667e-001	3.302605e-002
2.282890339377097e-001	3.291436e-002
2.282900339377097e-001	3.291358e-002
2.284361767948527e-001	3.279712e-002
2.285823196519957e-001	3.267608e-002
2.287284625091387e-001	3.255045e-002
2.288746053662817e-001	3.242023e-002
2.290207482234248e-001	3.228542e-002
2.291668910805677e-001	3.214602e-002
2.293130339377107e-001	3.200203e-002
2.293140339377107e-001	3.200103e-002
2.303380339377118e-001	3.087032e-002
2.313620339377128e-001	2.953647e-002
2.323860339377138e-001	2.801558e-002
2.334100339377148e-001	2.632476e-002
2.344340339377159e-001	2.448188e-002
2.354580339377169e-001	2.250547e-002
2.364820339377179e-001	2.041454e-002
2.375060339377189e-001	1.822843e-002
2.385300339377200e-001	1.596662e-002
2.395540339377210e-001	1.364863e-002
2.405780339377220e-001	1.129382e-002
2.416020339377230e-001	8.921268e-003
2.426260339377241e-001	6.549649e-003
2.436500339377251e-001	4.197070e-003
2.446740339377261e-001	1.880970e-003
2.447954625091548e-001	1.609462e-003
2.449168910805835e-001	1.338797e-003
2.450383196520122e-001	1.068972e-003
2.451597482234409e-001	7.999898e-004
2.452811767948696e-001	5.318487e-004
2.454026053662983e-001	2.645492e-004
2.455240339377270e-001	-1.908686e-006
2.456980339377271e-001	-3.819998e-004
2.458441767948701e-001	-6.998112e-004
2.459903196520131e-001	-1.016065e-003
2.461364625091561e-001	-1.330762e-003
2.462826053662992e-001	-1.643901e-003
2.464287482234422e-001	-1.955483e-003
2.465748910805851e-001	-2.265508e-003
2.467210339377282e-001	-2.573975e-003
2.467220339377282e-001	-2.576079e-003
2.468681767948712e-001	-2.882823e-003
2.470143196520142e-001	-3.187718e-003
2.471604625091572e-001	-3.490766e-003
2.473066053663002e-001	-3.791966e-003
2.474527482234432e-001	-4.091318e-003
2.475988910805862e-001	-4.388823e-003
2.477450339377292e-001	-4.684480e-003
2.477460339377292e-001	-4.686496e-003
2.487700339377302e-001	-6.699546e-003
2.497940339377312e-001	-8.602672e-003
2.508180339377095e-001	-1.038452e-002
2.518420339376821e-001	-1.203500e-002
2.528660339376547e-001	-1.354532e-002
2.538900339376273e-001	-1.490801e-002
2.549140339375999e-001	-1.611695e-002
2.559380339375725e-001	-1.716738e-002
2.569620339375451e-001	-1.805588e-002
2.579860339375177e-001	-1.878038e-002
2.590100339374903e-001	-1.934012e-002
2.600340339374629e-001	-1.973562e-002
2.610580339374355e-001	-1.996864e-002
2.620820339374081e-001	-2.004214e-002
2.631060339373808e-001	-1.996020e-002
2.632521767945197e-001	-1.993608e-002
2.633983196516587e-001	-1.990895e-002
2.635444625087976e-001	-1.987882e-002
2.636906053659365e-001	-1.984569e-002
2.638367482230755e-001	-1.980956e-002
2.639828910802144e-001	-1.977042e-002
2.641290339373534e-001	-1.972828e-002
2.641300339373534e-001	-1.972799e-002
2.642761767944923e-001	-1.968289e-002
2.644223196516313e-001	-1.963492e-002
2.645684625087702e-001	-1.958409e-002
2.647146053659091e-001	-1.953039e-002
2.648607482230481e-001	-1.947382e-002
2.650068910801871e-001	-1.941439e-002
2.651530339373260e-001	-1.935209e-002
2.651540339373260e-001	-1.935165e-002
2.653001767944649e-001	-1.928654e-002
2.654463196516039e-001	-1.921870e-002
2.655924625087428e-001	-1.914816e-002
2.657386053658817e-001	-1.907490e-002
2.658847482230207e-001	-1.899893e-002
2.660308910801597e-001	-1.892024e-002
2.661770339372986e-001	-1.883884e-002
2.661780339372986e-001	-1.883828e-002
2.672020339372712e-001	-1.819578e-002
2.682260339372438e-001	-1.743285e-002
2.692500339372164e-001	-1.655882e-002
2.702740339371890e-001	-1.558362e-002
2.712980339371616e-001	-1.451765e-002
2.723220339371342e-001	-1.337172e-002
2.733460339371068e-001	-1.215693e-002
2.743700339370794e-001	-1.088456e-002
2.753940339370520e-001	-9.566033e-003
2.764180339370246e-001	-8.212778e-003
2.774420339369972e-001	-6.836155e-003
2.784660339369698e-001	-5.447377e-003
2.794900339369424e-001	-4.057419e-003
2.805140339369150e-001	-2.676947e-003
2.815380339368876e-001	-1.316242e-003
2.816830339368837e-001	-1.125669e-003
2.818280339368798e-001	-9.357840e-004
2.819730339368760e-001	-7.465869e-004
2.821180339368721e-001	-5.580779e-004
2.822630339368682e-001	-3.702571e-004
2.824080339368643e-001	-1.831243e-004
2.825530339368604e-001	3.320373e-006
2.825620339368602e-001	1.486328e-005
2.827081767939991e-001	2.019363e-004
2.828543196511381e-001	3.881254e-004
2.830004625082770e-001	5.734305e-004
2.831466053654160e-001	7.578518e-004
2.832927482225549e-001	9.413891e-004
2.834388910796939e-001	1.124042e-003
2.835850339368328e-001	1.305812e-003
2.835860339368328e-001	1.307052e-003
2.837321767939717e-001	1.487839e-003
2.838783196511107e-001	1.667570e-003
2.840244625082496e-001	1.846245e-003
2.841706053653886e-001	2.023864e-003
2.843167482225275e-001	2.200427e-003
2.844628910796665e-001	2.375934e-003
2.846090339368054e-001	2.550385e-003
2.846100339368054e-001	2.551575e-003
2.856340339367780e-001	3.740303e-003
2.866580339367506e-001	4.865770e-003
2.876820339367232e-001	5.921212e-003
2.887060339366958e-001	6.900599e-003
2.897300339366684e-001	7.798656e-003
2.907540339366410e-001	8.610887e-003
2.917780339366136e-001	9.333578e-003
2.928020339365862e-001	9.963814e-003
2.938260339365588e-001	1.049947e-002
2.948500339365314e-001	1.093921e-002
2.958740339365040e-001	1.128246e-002
2.968980339364766e-001	1.152940e-002
2.979220339364492e-001	1.168097e-002
2.989460339364218e-001	1.173878e-002
2.999700339363944e-001	1.170511e-002
3.001161767935334e-001	1.169299e-002
3.002623196506724e-001	1.167909e-002
3.004084625078113e-001	1.166343e-002
3.005546053649502e-001	1.164599e-002
3.007007482220891e-001	1.162679e-002
3.008468910792281e-001	1.160581e-002
3.009930339363671e-001	1.158307e-002
3.009940339363670e-001	1.158291e-002
3.011401767935060e-001	1.155841e-002
3.012863196506450e-001	1.153223e-002
3.014324625077839e-001	1.150435e-002
3.015786053649228e-001	1.147478e-002
3.017247482220617e-001	1.144351e-002
3.018708910792007e-001	1.141056e-002
3.020170339363397e-001	1.137591e-002
3.020180339363396e-001	1.137567e-002
3.021641767934786e-001	1.133936e-002
3.023103196506176e-001	1.130144e-002
3.024564625077565e-001	1.126192e-002
3.026026053648954e-001	1.122079e-002
3.027487482220344e-001	1.117806e-002
3.028948910791733e-001	1.113372e-002
3.030410339363123e-001	1.108778e-002
3.030420339363122e-001	1.108747e-002
3.040660339362848e-001	1.072286e-002
3.050900339362574e-001	1.028687e-002
3.061140339362301e-001	9.784912e-003
3.071380339362027e-001	9.222746e-003
3.081620339361753e-001	8.606427e-003
3.091860339361479e-001	7.942248e-003
3.102100339361205e-001	7.236685e-003
3.112340339360931e-001	6.496340e-003
3.122580339360657e-001	5.727889e-003
3.132820339360383e-001	4.938030e-003
3.143060339360109e-001	4.133428e-003
3.153300339359835e-001	3.320666e-003
3.163540339359561e-001	2.506199e-003
3.173780339359287e-001	1.696306e-003
3.184020339359013e-001	8.970484e-004
3.185481767930402e-001	7.841487e-004
3.186943196501792e-001	6.716411e-004
3.188404625073181e-001	5.595255e-004
3.189866053644571e-001	4.478019e-004
3.191327482215960e-001	3.364704e-004
3.192788910787350e-001	2.255309e-004
3.194250339358739e-001	1.149835e-004
3.194260339358739e-001	1.142288e-004
3.194837482215866e-001	7.070878e-005
3.195414625072994e-001	2.726184e-005
3.195991767930121e-001	-1.611196e-005
3.196568910787249e-001	-5.941263e-005
3.197146053644376e-001	-1.026402e-004
3.197723196501504e-001	-1.457946e-004
3.198300339358631e-001	-1.888759e-004
3.199184625072893e-001	-2.547401e-004
3.200068910787155e-001	-3.204133e-004
3.200953196501417e-001	-3.858954e-004
3.201837482215679e-001	-4.511866e-004
3.202721767929941e-001	-5.162866e-004
3.203606053644203e-001	-5.811957e-004
3.204490339358465e-001	-6.459136e-004
3.204500339358465e-001	-6.466443e-004
3.205961767929854e-001	-7.531739e-004
3.207423196501244e-001	-8.591006e-004
3.208884625072633e-001	-9.644243e-004
3.210346053644023e-001	-1.069145e-003
3.211807482215412e-001	-1.173263e-003
3.213268910786802e-001	-1.276778e-003
3.214730339358191e-001	-1.379689e-003
3.214740339358191e-001	-1.380391e-003
3.224980339357917e-001	-2.082190e-003
3.235220339357643e-001	-2.747606e-003
3.245460339357369e-001	-3.372609e-003
3.255700339357095e-001	-3.953596e-003
3.265940339356821e-001	-4.487408e-003
3.276180339356547e-001	-4.971338e-003
3.286420339356273e-001	-5.403136e-003
3.296660339355999e-001	-5.781021e-003
3.306900339355725e-001	-6.103674e-003
3.317140339355451e-001	-6.370238e-003
3.327380339355177e-001	-6.580307e-003
3.337620339354903e-001	-6.733924e-003
3.347860339354629e-001	-6.831558e-003
3.358100339354355e-001	-6.874095e-003
3.368340339354081e-001	-6.862815e-003
3.369801767925471e-001	-6.856894e-003
3.371263196496860e-001	-6.849930e-003
3.372724625068250e-001	-6.841923e-003
3.374186053639639e-001	-6.832872e-003
3.375647482211028e-001	-6.822778e-003
3.377108910782418e-001	-6.811641e-003
3.378570339353808e-001	-6.799460e-003
3.378580339353807e-001	-6.799373e-003
3.380041767925197e-001	-6.786162e-003
3.381503196496586e-001	-6.771951e-003
3.382964625067976e-001	-6.756741e-003
3.384426053639365e-001	-6.740532e-003
3.385887482210754e-001	-6.723324e-003
3.387348910782144e-001	-6.705117e-003
3.388810339353534e-001	-6.685911e-003
3.388820339353533e-001	-6.685777e-003
3.390281767924923e-001	-6.665587e-003
3.391743196496312e-001	-6.644450e-003
3.393204625067702e-001	-6.622364e-003
3.394666053639091e-001	-6.599329e-003
3.396127482210480e-001	-6.575346e-003
3.397588910781870e-001	-6.550415e-003
3.399050339353260e-001	-6.524535e-003
3.399060339353259e-001	-6.524355e-003
3.409300339352985e-001	-6.317737e-003
3.419540339352711e-001	-6.068822e-003
3.429780339352437e-001	-5.780744e-003
3.440020339352163e-001	-5.456851e-003
3.450260339351889e-001	-5.100663e-003
3.460500339351615e-001	-4.715846e-003
3.470740339351341e-001	-4.306177e-003
3.480980339351067e-001	-3.875515e-003
3.491220339350794e-001	-3.427765e-003
3.501460339350520e-001	-2.966851e-003
3.511700339350246e-001	-2.496681e-003
3.521940339349972e-001	-2.021120e-003
3.532180339349698e-001	-1.543965e-003
3.542420339349424e-001	-1.068910e-003
3.552660339349150e-001	-5.995279e-004
3.554121767920539e-001	-5.331791e-004
3.555583196491929e-001	-4.670494e-004
3.557044625063318e-001	-4.011388e-004
3.558506053634707e-001	-3.354473e-004
3.559967482206097e-001	-2.699749e-004
3.561428910777487e-001	-2.047216e-004
3.562890339348876e-001	-1.396874e-004
3.562900339348876e-001	-1.392434e-004
3.563421767920290e-001	-1.161081e-004
3.563943196491705e-001	-9.300627e-005
3.564464625063120e-001	-6.993800e-005
3.564986053634534e-001	-4.690326e-005
3.565507482205949e-001	-2.390204e-005
3.566028910777364e-001	-9.343500e-007
3.566550339348778e-001	2.199982e-005
3.567490339348753e-001	6.325957e-005
3.568430339348728e-001	1.043974e-004
3.569370339348703e-001	1.454133e-004
3.570310339348677e-001	1.863073e-004
3.571250339348652e-001	2.270795e-004
3.572190339348627e-001	2.677297e-004
3.573130339348602e-001	3.082579e-004
3.573140339348602e-001	3.086883e-004
3.574601767919991e-001	3.714486e-004
3.576063196491381e-001	4.338649e-004
3.577524625062770e-001	4.959373e-004
3.578986053634159e-001	5.576657e-004
3.580447482205549e-001	6.190502e-004
3.581908910776939e-001	6.800908e-004
3.583370339348328e-001	7.407874e-004
3.583380339348328e-001	7.412013e-004
3.584841767919717e-001	8.015213e-004
3.586303196491107e-001	8.614413e-004
3.587764625062496e-001	9.209614e-004
3.589226053633886e-001	9.800815e-004
3.590687482205275e-001	1.038802e-003
3.592148910776665e-001	1.097122e-003
3.593610339348054e-001	1.155042e-003
3.593620339348054e-001	1.155437e-003
3.603860339347780e-001	1.548760e-003
3.614100339347506e-001	1.918771e-003
3.624340339347232e-001	2.263320e-003
3.634580339346958e-001	2.580514e-003
3.644820339346684e-001	2.868725e-003
3.655060339346410e-001	3.126592e-003
3.665300339346136e-001	3.353029e-003
3.675540339345862e-001	3.547219e-003
3.685780339345588e-001	3.708617e-003
3.696020339345314e-001	3.836944e-003
3.706260339345040e-001	3.932185e-003
3.716500339344766e-001	3.994573e-003
3.726740339344492e-001	4.024590e-003
3.736980339344218e-001	4.022950e-003
3.738441767915607e-001	4.020178e-003
3.739903196486997e-001	4.016791e-003
3.741364625058387e-001	4.012790e-003
3.742826053629776e-001	4.008173e-003
3.744287482201165e-001	4.002942e-003
3.745748910772555e-001	3.997095e-003
3.747210339343944e-001	3.990634e-003
3.747220339343944e-001	3.990588e-003
3.748681767915333e-001	3.983519e-003
3.750143196486723e-001	3.975860e-003
3.751604625058113e-001	3.967611e-003
3.753066053629502e-001	3.958773e-003
3.754527482200891e-001	3.949346e-003
3.755988910772281e-001	3.939329e-003
3.757450339343670e-001	3.928722e-003
3.757460339343670e-001	3.928647e-003
3.758921767915059e-001	3.917460e-003
3.760383196486449e-001	3.905712e-003
3.761844625057839e-001	3.893404e-003
3.763306053629228e-001	3.880535e-003
3.764767482200617e-001	3.867106e-003
3.766228910772007e-001	3.853116e-003
3.767690339343396e-001	3.838566e-003
3.767700339343396e-001	3.838464e-003
3.777940339343122e-001	3.721552e-003
3.788180339342848e-001	3.579583e-003
3.798420339342574e-001	3.414374e-003
3.808660339342300e-001	3.227867e-003
3.818900339342026e-001	3.022108e-003
3.829140339341752e-001	2.799232e-003
3.839380339341478e-001	2.561444e-003
3.849620339341204e-001	2.310996e-003
3.859860339340930e-001	2.050173e-003
3.870100339340656e-001	1.781273e-003
3.880340339340382e-001	1.506588e-003
3.890580339340108e-001	1.228387e-003
3.900820339339834e-001	9.489001e-004
3.911060339339560e-001	6.703032e-004
3.921300339339287e-001	3.947010e-004
3.922761767910676e-001	3.557167e-004
3.924223196482066e-001	3.168545e-004
3.925684625053455e-001	2.781144e-004
3.927146053624844e-001	2.394965e-004
3.928607482196234e-001	2.010006e-004
3.930068910767623e-001	1.626268e-004
3.931530339339013e-001	1.243752e-004
3.931540339339013e-001	1.241140e-004
3.932277482196135e-001	1.048791e-004
3.933014625053259e-001	8.568255e-005
3.933751767910382e-001	6.652445e-005
3.934488910767505e-001	4.740478e-005
3.935226053624628e-001	2.832354e-005
3.935963196481752e-001	9.280715e-006
3.936700339338874e-001	-9.723680e-006
3.937424625053141e-001	-2.835675e-005
3.938148910767407e-001	-4.694818e-005
3.938873196481674e-001	-6.549798e-005
3.939597482195940e-001	-8.400615e-005
3.940321767910206e-001	-1.024727e-004
3.941046053624472e-001	-1.208976e-004
3.941770339338739e-001	-1.392808e-004
3.941780339338739e-001	-1.395343e-004
3.943241767910128e-001	-1.765011e-004
3.944703196481518e-001	-2.132718e-004
3.946164625052907e-001	-2.498466e-004
3.947626053624296e-001	-2.862253e-004
3.949087482195686e-001	-3.224081e-004
3.950548910767076e-001	-3.583949e-004
3.952010339338465e-001	-3.941857e-004
3.952020339338465e-001	-3.944298e-004
3.953481767909854e-001	-4.300053e-004
3.954943196481244e-001	-4.653516e-004
3.956404625052633e-001	-5.004687e-004
3.957866053624022e-001	-5.353566e-004
3.959327482195412e-001	-5.700152e-004
3.960788910766802e-001	-6.044447e-004
3.962250339338191e-001	-6.386449e-004
3.962260339338191e-001	-6.388779e-004
3.972500339337917e-001	-8.713137e-004
3.982740339337643e-001	-1.090309e-003
3.992980339337369e-001	-1.294582e-003
3.999990339337181e-001	-1.425340e-003
4.000000000000000e-001	-1.425515e-003
