time	I(L1)
0.000000000000000e+000	0.000000e+000
1.006310719994777e-003	0.000000e+000
2.030310719994708e-003	0.000000e+000
3.054310719994844e-003	0.000000e+000
4.078310719994979e-003	0.000000e+000
5.000000000000000e-003	0.000000e+000
5.000001428571429e-003	1.552827e-009
5.000002857142858e-003	5.234089e-009
5.000004285714286e-003	1.104379e-008
5.000005714285714e-003	1.898192e-008
5.000007142857143e-003	2.904849e-008
5.000008571428571e-003	4.124349e-008
5.000010000000000e-003	5.556693e-008
5.060159276693119e-003	6.681128e-004
5.206302133835996e-003	2.289025e-003
5.352444990978872e-003	3.906796e-003
5.498587848121748e-003	5.521427e-003
5.644730705264625e-003	7.132917e-003
5.790873562407502e-003	8.741267e-003
5.937016419550379e-003	1.034648e-002
6.083159276693255e-003	1.194854e-002
6.084159276693255e-003	1.195950e-002
6.230302133836132e-003	1.355842e-002
6.376444990979008e-003	1.515425e-002
6.522587848121884e-003	1.674699e-002
6.668730705264761e-003	1.833662e-002
6.814873562407638e-003	1.992316e-002
6.961016419550515e-003	2.150659e-002
7.107159276693391e-003	2.308693e-002
7.108159276693391e-003	2.309774e-002
7.254302133836228e-003	2.467498e-002
7.400444990979065e-003	2.624917e-002
7.546587848121902e-003	2.782030e-002
7.692730705264739e-003	2.938837e-002
7.838873562407577e-003	3.095339e-002
7.985016419550413e-003	3.251535e-002
8.131159276693251e-003	3.407425e-002
8.132159276693250e-003	3.408491e-002
8.278302133835999e-003	3.564076e-002
8.424444990978750e-003	3.719360e-002
8.570587848121499e-003	3.874342e-002
8.716730705264249e-003	4.029022e-002
8.862873562407000e-003	4.183402e-002
9.009016419549749e-003	4.337479e-002
9.155159276692498e-003	4.491256e-002
9.156159276692498e-003	4.492307e-002
9.302302133835247e-003	4.645782e-002
9.448444990977998e-003	4.798959e-002
9.594587848120747e-003	4.951840e-002
9.740730705263496e-003	5.104422e-002
9.886873562406248e-003	5.256708e-002
1.003301641954900e-002	5.408696e-002
1.017915927669175e-002	5.560386e-002
1.018015927669175e-002	5.561423e-002
1.032630213383450e-002	5.712817e-002
1.047244499097725e-002	5.863917e-002
1.061858784812000e-002	6.014723e-002
1.076473070526274e-002	6.165237e-002
1.091087356240550e-002	6.315457e-002
1.105701641954824e-002	6.465383e-002
1.120315927669099e-002	6.615017e-002
1.120415927669099e-002	6.616040e-002
1.135030213383374e-002	6.765379e-002
1.149644499097649e-002	6.914430e-002
1.164258784811924e-002	7.063191e-002
1.178873070526199e-002	7.211663e-002
1.193487356240474e-002	7.359846e-002
1.208101641954749e-002	7.507739e-002
1.222715927669024e-002	7.655343e-002
1.222815927669024e-002	7.656352e-002
1.237430213383299e-002	7.803667e-002
1.252044499097574e-002	7.950695e-002
1.266658784811849e-002	8.097439e-002
1.281273070526124e-002	8.243897e-002
1.295887356240399e-002	8.390070e-002
1.310501641954674e-002	8.535957e-002
1.325115927668949e-002	8.681560e-002
1.325215927668949e-002	8.682555e-002
1.339830213383224e-002	8.827871e-002
1.354444499097499e-002	8.972906e-002
1.369058784811774e-002	9.117659e-002
1.383673070526049e-002	9.262131e-002
1.398287356240324e-002	9.406322e-002
1.412901641954599e-002	9.550231e-002
1.427515927668874e-002	9.693858e-002
1.427615927668874e-002	9.694839e-002
1.442230213383149e-002	9.838185e-002
1.456844499097424e-002	9.981253e-002
1.471458784811699e-002	1.012404e-001
1.486073070525974e-002	1.026656e-001
1.500687356240249e-002	1.040879e-001
1.515301641954524e-002	1.055075e-001
1.529915927668799e-002	1.069243e-001
1.530015927668798e-002	1.069340e-001
1.544630213383091e-002	1.083480e-001
1.559244499097383e-002	1.097592e-001
1.573858784811675e-002	1.111678e-001
1.588473070525968e-002	1.125736e-001
1.603087356240260e-002	1.139766e-001
1.617701641954552e-002	1.153769e-001
1.632315927668844e-002	1.167745e-001
1.632415927668844e-002	1.167841e-001
1.647030213383145e-002	1.181789e-001
1.661644499097445e-002	1.195710e-001
1.676258784811745e-002	1.209605e-001
1.690873070526046e-002	1.223472e-001
1.705487356240346e-002	1.237312e-001
1.720101641954646e-002	1.251126e-001
1.734715927668947e-002	1.264912e-001
1.734815927668947e-002	1.265006e-001
1.749430213383247e-002	1.278765e-001
1.764044499097547e-002	1.292498e-001
1.778658784811848e-002	1.306204e-001
1.793273070526148e-002	1.319883e-001
1.807887356240449e-002	1.333535e-001
1.822501641954749e-002	1.347161e-001
1.837115927669049e-002	1.360760e-001
1.837215927669049e-002	1.360853e-001
1.851830213383350e-002	1.374426e-001
1.866444499097650e-002	1.387972e-001
1.881058784811950e-002	1.401492e-001
1.895673070526251e-002	1.414986e-001
1.910287356240551e-002	1.428453e-001
1.924901641954851e-002	1.441894e-001
1.939515927669152e-002	1.455309e-001
1.939615927669152e-002	1.455401e-001
1.954230213383452e-002	1.468789e-001
1.968844499097752e-002	1.482152e-001
1.983458784812053e-002	1.495489e-001
1.998073070526353e-002	1.508799e-001
2.012687356240654e-002	1.522084e-001
2.027301641954954e-002	1.535343e-001
2.041915927669254e-002	1.548576e-001
2.042015927669254e-002	1.548666e-001
2.056630213383555e-002	1.561873e-001
2.071244499097855e-002	1.575054e-001
2.085858784812155e-002	1.588210e-001
2.100473070526455e-002	1.601340e-001
2.115087356240756e-002	1.614445e-001
2.129701641955056e-002	1.627524e-001
2.144315927669356e-002	1.640577e-001
2.144415927669357e-002	1.640666e-001
2.159030213383657e-002	1.653694e-001
2.173644499097957e-002	1.666697e-001
2.188258784812257e-002	1.679674e-001
2.202873070526558e-002	1.692626e-001
2.217487356240858e-002	1.705553e-001
2.232101641955158e-002	1.718454e-001
2.246715927669459e-002	1.731331e-001
2.246815927669459e-002	1.731419e-001
2.261430213383759e-002	1.744270e-001
2.276044499098059e-002	1.757096e-001
2.290658784812360e-002	1.769897e-001
2.305273070526660e-002	1.782674e-001
2.319887356240961e-002	1.795425e-001
2.334501641955261e-002	1.808152e-001
2.349115927669561e-002	1.820854e-001
2.349215927669561e-002	1.820940e-001
2.363830213383862e-002	1.833617e-001
2.378444499098162e-002	1.846269e-001
2.393058784812462e-002	1.858897e-001
2.407673070526763e-002	1.871500e-001
2.422287356241063e-002	1.884079e-001
2.436901641955363e-002	1.896633e-001
2.451515927669664e-002	1.909162e-001
2.451615927669664e-002	1.909248e-001
2.466230213383964e-002	1.921752e-001
2.480844499098264e-002	1.934233e-001
2.495458784812565e-002	1.946690e-001
2.510073070526865e-002	1.959122e-001
2.524687356241166e-002	1.971530e-001
2.539301641955466e-002	1.983913e-001
2.553915927669766e-002	1.996273e-001
2.554015927669766e-002	1.996357e-001
2.568630213384067e-002	2.008693e-001
2.583244499098367e-002	2.021004e-001
2.597858784812667e-002	2.033292e-001
2.612473070526968e-002	2.045555e-001
2.627087356241268e-002	2.057795e-001
2.641701641955568e-002	2.070010e-001
2.656315927669868e-002	2.082202e-001
2.656415927669869e-002	2.082286e-001
2.671030213384169e-002	2.094454e-001
2.685644499098469e-002	2.106598e-001
2.700258784812770e-002	2.118719e-001
2.714873070527070e-002	2.130816e-001
2.729487356241370e-002	2.142890e-001
2.744101641955670e-002	2.154940e-001
2.758715927669971e-002	2.166966e-001
2.758815927669971e-002	2.167048e-001
2.773430213384271e-002	2.179051e-001
2.788044499098571e-002	2.191031e-001
2.802658784812872e-002	2.202987e-001
2.817273070527172e-002	2.214921e-001
2.831887356241473e-002	2.226831e-001
2.846501641955773e-002	2.238717e-001
2.861115927670073e-002	2.250581e-001
2.861215927670073e-002	2.250662e-001
2.875830213384374e-002	2.262502e-001
2.890444499098674e-002	2.274319e-001
2.905058784812974e-002	2.286113e-001
2.919673070527275e-002	2.297885e-001
2.934287356241575e-002	2.309633e-001
2.948901641955875e-002	2.321358e-001
2.963515927670176e-002	2.333061e-001
2.963615927670176e-002	2.333141e-001
2.978230213384476e-002	2.344821e-001
2.992844499098776e-002	2.356477e-001
3.007458784813077e-002	2.368112e-001
3.022073070527377e-002	2.379723e-001
3.036687356241678e-002	2.391312e-001
3.051301641955978e-002	2.402879e-001
3.065915927670278e-002	2.414422e-001
3.066015927670278e-002	2.414501e-001
3.080630213384579e-002	2.426023e-001
3.095244499098879e-002	2.437521e-001
3.109858784813179e-002	2.448998e-001
3.124473070527479e-002	2.460452e-001
3.139087356241779e-002	2.471884e-001
3.153701641956080e-002	2.483293e-001
3.168315927670380e-002	2.494681e-001
3.168415927670380e-002	2.494759e-001
3.183030213384681e-002	2.506123e-001
3.197644499098981e-002	2.517466e-001
3.212258784813282e-002	2.528787e-001
3.226873070527581e-002	2.540086e-001
3.241487356241882e-002	2.551363e-001
3.256101641956182e-002	2.562617e-001
3.270715927670483e-002	2.573850e-001
3.270815927670483e-002	2.573927e-001
3.285430213384783e-002	2.585138e-001
3.300044499099084e-002	2.596327e-001
3.314658784813384e-002	2.607494e-001
3.329273070527684e-002	2.618640e-001
3.343887356241984e-002	2.629764e-001
3.358501641956285e-002	2.640866e-001
3.373115927670585e-002	2.651946e-001
3.373215927670585e-002	2.652022e-001
3.387830213384886e-002	2.663081e-001
3.402444499099186e-002	2.674118e-001
3.417058784813486e-002	2.685134e-001
3.431673070527786e-002	2.696128e-001
3.446287356242087e-002	2.707101e-001
3.460901641956387e-002	2.718053e-001
3.475515927670687e-002	2.728983e-001
3.475615927670687e-002	2.729057e-001
3.490230213384988e-002	2.739966e-001
3.504844499099288e-002	2.750854e-001
3.519458784813589e-002	2.761720e-001
3.534073070527889e-002	2.772566e-001
3.548687356242189e-002	2.783390e-001
3.563301641956489e-002	2.794193e-001
3.577915927670790e-002	2.804975e-001
3.578015927670790e-002	2.805048e-001
3.592630213385090e-002	2.815809e-001
3.607244499099391e-002	2.826549e-001
3.621858784813691e-002	2.837268e-001
3.636473070527991e-002	2.847966e-001
3.651087356242291e-002	2.858644e-001
3.665701641956592e-002	2.869300e-001
3.680315927670892e-002	2.879936e-001
3.680415927670892e-002	2.880009e-001
3.695030213385193e-002	2.890623e-001
3.709644499099493e-002	2.901218e-001
3.724258784813794e-002	2.911791e-001
3.738873070528093e-002	2.922344e-001
3.753487356242394e-002	2.932877e-001
3.768101641956694e-002	2.943389e-001
3.782715927670995e-002	2.953880e-001
3.782815927670995e-002	2.953952e-001
3.797430213385295e-002	2.964423e-001
3.812044499099596e-002	2.974873e-001
3.826658784813896e-002	2.985304e-001
3.841273070528196e-002	2.995714e-001
3.855887356242496e-002	3.006103e-001
3.870501641956797e-002	3.016473e-001
3.885115927671097e-002	3.026822e-001
3.885215927671097e-002	3.026893e-001
3.899830213385398e-002	3.037221e-001
3.914444499099698e-002	3.047530e-001
3.929058784813998e-002	3.057819e-001
3.943673070528298e-002	3.068088e-001
3.958287356242599e-002	3.078337e-001
3.972901641956899e-002	3.088565e-001
3.987515927671199e-002	3.098774e-001
3.987615927671200e-002	3.098844e-001
4.090015927671302e-002	3.169819e-001
4.192415927671404e-002	3.239832e-001
4.294815927671507e-002	3.308896e-001
4.397215927671609e-002	3.377022e-001
4.499615927671712e-002	3.444225e-001
4.602015927671814e-002	3.510516e-001
4.704415927671916e-002	3.575908e-001
4.806815927672019e-002	3.640413e-001
4.909215927672121e-002	3.704043e-001
5.011615927672224e-002	3.766811e-001
5.114015927672326e-002	3.828726e-001
5.216415927672428e-002	3.889803e-001
5.318815927672531e-002	3.950050e-001
5.421215927672633e-002	4.009481e-001
5.523615927672736e-002	4.068106e-001
5.626015927672838e-002	4.125935e-001
5.728415927672940e-002	4.182981e-001
5.830815927673043e-002	4.239252e-001
5.933215927673145e-002	4.294761e-001
6.035615927673248e-002	4.349516e-001
6.138015927673350e-002	4.403529e-001
6.240415927673453e-002	4.456809e-001
6.342815927673555e-002	4.509367e-001
6.445215927673657e-002	4.561212e-001
6.547615927673760e-002	4.612353e-001
6.650015927673862e-002	4.662802e-001
6.752415927673965e-002	4.712565e-001
6.854815927674067e-002	4.761654e-001
6.957215927674169e-002	4.810077e-001
7.059615927674272e-002	4.857844e-001
7.162015927674374e-002	4.904962e-001
7.264415927674477e-002	4.951442e-001
7.366815927674579e-002	4.997291e-001
7.469215927674681e-002	5.042518e-001
7.571615927674784e-002	5.087132e-001
7.674015927674886e-002	5.131140e-001
7.776415927674989e-002	5.174552e-001
7.878815927675091e-002	5.217375e-001
7.981215927675193e-002	5.259618e-001
8.083615927675296e-002	5.301287e-001
8.186015927675398e-002	5.342391e-001
8.288415927675501e-002	5.382938e-001
8.390815927675603e-002	5.422935e-001
8.493215927675706e-002	5.462389e-001
8.595615927675808e-002	5.501308e-001
8.698015927675910e-002	5.539700e-001
8.800415927676013e-002	5.577570e-001
8.902815927676115e-002	5.614927e-001
9.005215927676218e-002	5.651777e-001
9.107615927676320e-002	5.688128e-001
9.210015927676422e-002	5.723985e-001
9.312415927676525e-002	5.759357e-001
9.414815927676627e-002	5.794249e-001
9.517215927676730e-002	5.828667e-001
9.619615927676832e-002	5.862618e-001
9.722015927676934e-002	5.896109e-001
9.824415927677037e-002	5.929146e-001
9.926815927677139e-002	5.961735e-001
1.002921592767724e-001	5.993881e-001
1.013161592767734e-001	6.025591e-001
1.023401592767745e-001	6.056873e-001
1.033641592767755e-001	6.087729e-001
1.043881592767765e-001	6.118166e-001
1.054121592767775e-001	6.148192e-001
1.064361592767786e-001	6.177809e-001
1.074601592767796e-001	6.207026e-001
1.084841592767806e-001	6.235845e-001
1.095081592767816e-001	6.264274e-001
1.105321592767827e-001	6.292318e-001
1.115561592767837e-001	6.319981e-001
1.125801592767847e-001	6.347268e-001
1.136041592767857e-001	6.374186e-001
1.146281592767868e-001	6.400739e-001
1.156521592767878e-001	6.426932e-001
1.166761592767888e-001	6.452769e-001
1.177001592767898e-001	6.478255e-001
1.187241592767909e-001	6.503397e-001
1.197481592767919e-001	6.528197e-001
1.207721592767929e-001	6.552661e-001
1.217961592767939e-001	6.576793e-001
1.228201592767950e-001	6.600598e-001
1.238441592767960e-001	6.624080e-001
1.248681592767970e-001	6.647243e-001
1.258921592767980e-001	6.670092e-001
1.269161592767990e-001	6.692632e-001
1.279401592768001e-001	6.714866e-001
1.289641592768011e-001	6.736798e-001
1.299881592768021e-001	6.758432e-001
1.310121592768031e-001	6.779773e-001
1.320361592768042e-001	6.800825e-001
1.330601592768052e-001	6.821591e-001
1.340841592768062e-001	6.842076e-001
1.351081592768072e-001	6.862283e-001
1.361321592768083e-001	6.882216e-001
1.371561592768093e-001	6.901878e-001
1.381801592768103e-001	6.921273e-001
1.392041592768113e-001	6.940406e-001
1.402281592768123e-001	6.959279e-001
1.412521592768134e-001	6.977897e-001
1.422761592768144e-001	6.996261e-001
1.433001592768154e-001	7.014377e-001
1.443241592768164e-001	7.032247e-001
1.453481592768175e-001	7.049874e-001
1.463721592768185e-001	7.067263e-001
1.473961592768195e-001	7.084416e-001
1.484201592768205e-001	7.101336e-001
1.494441592768216e-001	7.118026e-001
1.504681592768226e-001	7.134490e-001
1.514921592768236e-001	7.150731e-001
1.525161592768246e-001	7.166752e-001
1.535401592768257e-001	7.182555e-001
1.545641592768267e-001	7.198144e-001
1.555881592768277e-001	7.213521e-001
1.566121592768287e-001	7.228690e-001
1.576361592768298e-001	7.243654e-001
1.586601592768308e-001	7.258413e-001
1.596841592768318e-001	7.272974e-001
1.607081592768328e-001	7.287336e-001
1.617321592768339e-001	7.301504e-001
1.627561592768349e-001	7.315480e-001
1.637801592768359e-001	7.329266e-001
1.648041592768369e-001	7.342865e-001
1.658281592768379e-001	7.356279e-001
1.668521592768390e-001	7.369512e-001
1.678761592768400e-001	7.382566e-001
1.689001592768410e-001	7.395442e-001
1.699241592768420e-001	7.408143e-001
1.709481592768431e-001	7.420673e-001
1.719721592768441e-001	7.433032e-001
1.729961592768451e-001	7.445224e-001
1.740201592768461e-001	7.457250e-001
1.750441592768472e-001	7.469113e-001
1.760681592768482e-001	7.480816e-001
1.770921592768492e-001	7.492360e-001
1.781161592768502e-001	7.503747e-001
1.791401592768513e-001	7.514979e-001
1.801641592768523e-001	7.526060e-001
1.811881592768533e-001	7.536990e-001
1.822121592768543e-001	7.547772e-001
1.832361592768554e-001	7.558407e-001
1.842601592768564e-001	7.568899e-001
1.852841592768574e-001	7.579247e-001
1.863081592768584e-001	7.589456e-001
1.873321592768595e-001	7.599527e-001
1.883561592768605e-001	7.609460e-001
1.893801592768615e-001	7.619259e-001
1.904041592768625e-001	7.628925e-001
1.914281592768636e-001	7.638460e-001
1.924521592768646e-001	7.647865e-001
1.934761592768656e-001	7.657143e-001
1.945001592768666e-001	7.666296e-001
1.955241592768676e-001	7.675324e-001
1.965481592768687e-001	7.684230e-001
1.975721592768697e-001	7.693014e-001
1.985961592768707e-001	7.701680e-001
1.996201592768717e-001	7.710228e-001
2.006441592768728e-001	7.718660e-001
2.016681592768738e-001	7.726978e-001
2.026921592768748e-001	7.735183e-001
2.037161592768758e-001	7.743277e-001
2.047401592768769e-001	7.751261e-001
2.057641592768779e-001	7.759137e-001
2.067881592768789e-001	7.766905e-001
2.078121592768799e-001	7.774569e-001
2.088361592768810e-001	7.782128e-001
2.098601592768820e-001	7.789586e-001
2.108841592768830e-001	7.796941e-001
2.119081592768840e-001	7.804198e-001
2.129321592768851e-001	7.811356e-001
2.139561592768861e-001	7.818416e-001
2.149801592768871e-001	7.825381e-001
2.160041592768881e-001	7.832251e-001
2.170281592768892e-001	7.839029e-001
2.180521592768902e-001	7.845714e-001
2.190761592768912e-001	7.852309e-001
2.201001592768922e-001	7.858814e-001
2.211241592768933e-001	7.865231e-001
2.221481592768943e-001	7.871560e-001
2.231721592768953e-001	7.877805e-001
2.241961592768963e-001	7.883964e-001
2.252201592768973e-001	7.890040e-001
2.262441592768984e-001	7.896034e-001
2.272681592768994e-001	7.901946e-001
2.282921592769004e-001	7.907777e-001
2.293161592769014e-001	7.913530e-001
2.303401592769025e-001	7.919205e-001
2.313641592769035e-001	7.924803e-001
2.323881592769045e-001	7.930325e-001
2.334121592769055e-001	7.935773e-001
2.344361592769066e-001	7.941145e-001
2.354601592769076e-001	7.946446e-001
2.364841592769086e-001	7.951674e-001
2.375081592769096e-001	7.956832e-001
2.385321592769107e-001	7.961919e-001
2.395561592769117e-001	7.966938e-001
2.405801592769127e-001	7.971889e-001
2.416041592769137e-001	7.976772e-001
2.426281592769148e-001	7.981589e-001
2.436521592769158e-001	7.986341e-001
2.446761592769168e-001	7.991028e-001
2.457001592769178e-001	7.995652e-001
2.467241592769189e-001	8.000213e-001
2.477481592769199e-001	8.004712e-001
2.487721592769209e-001	8.009151e-001
2.497961592769219e-001	8.013529e-001
2.508201592769002e-001	8.017847e-001
2.518441592768728e-001	8.022107e-001
2.528681592768454e-001	8.026310e-001
2.538921592768180e-001	8.030455e-001
2.549161592767906e-001	8.034543e-001
2.559401592767632e-001	8.038577e-001
2.569641592767358e-001	8.042556e-001
2.579881592767084e-001	8.046481e-001
2.590121592766810e-001	8.050353e-001
2.600361592766536e-001	8.054172e-001
2.610601592766262e-001	8.057939e-001
2.620841592765988e-001	8.061656e-001
2.631081592765714e-001	8.065321e-001
2.641321592765440e-001	8.068938e-001
2.651561592765166e-001	8.072505e-001
2.661801592764892e-001	8.076023e-001
2.672041592764618e-001	8.079494e-001
2.682281592764344e-001	8.082919e-001
2.692521592764070e-001	8.086296e-001
2.702761592763796e-001	8.089628e-001
2.713001592763522e-001	8.092914e-001
2.723241592763248e-001	8.096156e-001
2.733481592762974e-001	8.099354e-001
2.743721592762700e-001	8.102509e-001
2.753961592762426e-001	8.105620e-001
2.764201592762152e-001	8.108690e-001
2.774441592761878e-001	8.111718e-001
2.784681592761604e-001	8.114704e-001
2.794921592761330e-001	8.117651e-001
2.805161592761056e-001	8.120558e-001
2.815401592760782e-001	8.123425e-001
2.825641592760508e-001	8.126253e-001
2.835881592760234e-001	8.129042e-001
2.846121592759960e-001	8.131794e-001
2.856361592759686e-001	8.134509e-001
2.866601592759412e-001	8.137187e-001
2.876841592759138e-001	8.139828e-001
2.887081592758864e-001	8.142434e-001
2.897321592758591e-001	8.145004e-001
2.907561592758317e-001	8.147539e-001
2.917801592758043e-001	8.150041e-001
2.928041592757769e-001	8.152508e-001
2.938281592757495e-001	8.154941e-001
2.948521592757221e-001	8.157342e-001
2.958761592756947e-001	8.159710e-001
2.969001592756673e-001	8.162046e-001
2.979241592756399e-001	8.164350e-001
2.989481592756125e-001	8.166624e-001
2.999721592755851e-001	8.168865e-001
3.009961592755577e-001	8.171077e-001
3.020201592755303e-001	8.173259e-001
3.030441592755029e-001	8.175412e-001
3.040681592754755e-001	8.177534e-001
3.050921592754481e-001	8.179629e-001
3.061161592754207e-001	8.181695e-001
3.071401592753933e-001	8.183733e-001
3.081641592753659e-001	8.185742e-001
3.091881592753385e-001	8.187726e-001
3.102121592753111e-001	8.189682e-001
3.112361592752837e-001	8.191611e-001
3.122601592752563e-001	8.193514e-001
3.132841592752289e-001	8.195392e-001
3.143081592752015e-001	8.197244e-001
3.153321592751741e-001	8.199071e-001
3.163561592751467e-001	8.200873e-001
3.173801592751193e-001	8.202651e-001
3.184041592750919e-001	8.204404e-001
3.194281592750645e-001	8.206134e-001
3.204521592750371e-001	8.207840e-001
3.214761592750097e-001	8.209524e-001
3.225001592749823e-001	8.211184e-001
3.235241592749549e-001	8.212822e-001
3.245481592749275e-001	8.214437e-001
3.255721592749001e-001	8.216031e-001
3.265961592748727e-001	8.217604e-001
3.276201592748453e-001	8.219154e-001
3.286441592748179e-001	8.220684e-001
3.296681592747905e-001	8.222193e-001
3.306921592747631e-001	8.223681e-001
3.317161592747357e-001	8.225150e-001
3.327401592747084e-001	8.226598e-001
3.337641592746810e-001	8.228027e-001
3.347881592746536e-001	8.229436e-001
3.358121592746262e-001	8.230827e-001
3.368361592745988e-001	8.232198e-001
3.378601592745714e-001	8.233551e-001
3.388841592745440e-001	8.234885e-001
3.399081592745166e-001	8.236202e-001
3.409321592744892e-001	8.237500e-001
3.419561592744618e-001	8.238781e-001
3.429801592744344e-001	8.240045e-001
3.440041592744070e-001	8.241291e-001
3.450281592743796e-001	8.242521e-001
3.460521592743522e-001	8.243734e-001
3.470761592743248e-001	8.244930e-001
3.481001592742974e-001	8.246110e-001
3.491241592742700e-001	8.247274e-001
3.501481592742426e-001	8.248423e-001
3.511721592742152e-001	8.249555e-001
3.521961592741878e-001	8.250673e-001
3.532201592741604e-001	8.251775e-001
3.542441592741330e-001	8.252863e-001
3.552681592741056e-001	8.253935e-001
3.562921592740782e-001	8.254993e-001
3.573161592740508e-001	8.256037e-001
3.583401592740234e-001	8.257067e-001
3.593641592739960e-001	8.258082e-001
3.603881592739686e-001	8.259084e-001
3.614121592739412e-001	8.260072e-001
3.624361592739138e-001	8.261046e-001
3.634601592738864e-001	8.262008e-001
3.644841592738590e-001	8.262957e-001
3.655081592738316e-001	8.263893e-001
3.665321592738042e-001	8.264815e-001
3.675561592737768e-001	8.265726e-001
3.685801592737494e-001	8.266624e-001
3.696041592737220e-001	8.267510e-001
3.706281592736946e-001	8.268384e-001
3.716521592736672e-001	8.269246e-001
3.726761592736398e-001	8.270096e-001
3.737001592736124e-001	8.270935e-001
3.747241592735850e-001	8.271763e-001
3.757481592735577e-001	8.272579e-001
3.767721592735303e-001	8.273384e-001
3.777961592735029e-001	8.274179e-001
3.788201592734755e-001	8.274962e-001
3.798441592734481e-001	8.275735e-001
3.808681592734207e-001	8.276497e-001
3.818921592733933e-001	8.277249e-001
3.829161592733659e-001	8.277991e-001
3.839401592733385e-001	8.278723e-001
3.849641592733111e-001	8.279445e-001
3.859881592732837e-001	8.280156e-001
3.870121592732563e-001	8.280859e-001
3.880361592732289e-001	8.281552e-001
3.890601592732015e-001	8.282235e-001
3.900841592731741e-001	8.282909e-001
3.911081592731467e-001	8.283575e-001
3.921321592731193e-001	8.284230e-001
3.931561592730919e-001	8.284878e-001
3.941801592730645e-001	8.285516e-001
3.952041592730371e-001	8.286146e-001
3.962281592730097e-001	8.286767e-001
3.972521592729823e-001	8.287380e-001
3.982761592729549e-001	8.287984e-001
3.993001592729275e-001	8.288580e-001
4.003241592729001e-001	8.289168e-001
4.013481592728727e-001	8.289748e-001
4.023721592728453e-001	8.290321e-001
4.033961592728179e-001	8.290885e-001
4.044201592727905e-001	8.291442e-001
4.054441592727631e-001	8.291991e-001
4.064681592727357e-001	8.292533e-001
4.074921592727083e-001	8.293068e-001
4.085161592726809e-001	8.293595e-001
4.095401592726535e-001	8.294115e-001
4.105641592726261e-001	8.294628e-001
4.115881592725987e-001	8.295134e-001
4.126121592725713e-001	8.295634e-001
4.136361592725439e-001	8.296126e-001
4.146601592725165e-001	8.296612e-001
4.156841592724891e-001	8.297091e-001
4.167081592724617e-001	8.297564e-001
4.177321592724343e-001	8.298030e-001
4.187561592724070e-001	8.298490e-001
4.197801592723796e-001	8.298944e-001
4.208041592723522e-001	8.299392e-001
4.218281592723248e-001	8.299833e-001
4.228521592722974e-001	8.300269e-001
4.238761592722700e-001	8.300698e-001
4.249001592722426e-001	8.301122e-001
4.259241592722152e-001	8.301540e-001
4.269481592721878e-001	8.301952e-001
4.279721592721604e-001	8.302359e-001
4.289961592721330e-001	8.302761e-001
4.300201592721056e-001	8.303156e-001
4.310441592720782e-001	8.303547e-001
4.320681592720508e-001	8.303932e-001
4.330921592720234e-001	8.304312e-001
4.341161592719960e-001	8.304687e-001
4.351401592719686e-001	8.305056e-001
4.361641592719412e-001	8.305421e-001
4.371881592719138e-001	8.305781e-001
4.382121592718864e-001	8.306136e-001
4.392361592718590e-001	8.306485e-001
4.402601592718316e-001	8.306831e-001
4.412841592718042e-001	8.307171e-001
4.423081592717768e-001	8.307508e-001
4.433321592717494e-001	8.307839e-001
4.443561592717220e-001	8.308166e-001
4.453801592716946e-001	8.308488e-001
4.464041592716672e-001	8.308806e-001
4.474281592716398e-001	8.309121e-001
4.484521592716124e-001	8.309430e-001
4.494761592715850e-001	8.309735e-001
4.505001592715576e-001	8.310037e-001
4.515241592715302e-001	8.310333e-001
4.525481592715028e-001	8.310627e-001
4.535721592714754e-001	8.310916e-001
4.545961592714480e-001	8.311201e-001
4.556201592714206e-001	8.311483e-001
4.566441592713932e-001	8.311760e-001
4.576681592713658e-001	8.312033e-001
4.586921592713384e-001	8.312304e-001
4.597161592713110e-001	8.312570e-001
4.607401592712836e-001	8.312833e-001
4.617641592712563e-001	8.313092e-001
4.627881592712289e-001	8.313348e-001
4.638121592712015e-001	8.313600e-001
4.648361592711741e-001	8.313849e-001
4.658601592711467e-001	8.314095e-001
4.668841592711193e-001	8.314337e-001
4.679081592710919e-001	8.314575e-001
4.689321592710645e-001	8.314811e-001
4.699561592710371e-001	8.315043e-001
4.709801592710097e-001	8.315272e-001
4.720041592709823e-001	8.315498e-001
4.730281592709549e-001	8.315722e-001
4.740521592709275e-001	8.315942e-001
4.750761592709001e-001	8.316159e-001
4.761001592708727e-001	8.316373e-001
4.771241592708453e-001	8.316584e-001
4.781481592708179e-001	8.316792e-001
4.791721592707905e-001	8.316998e-001
4.801961592707631e-001	8.317201e-001
4.812201592707357e-001	8.317400e-001
4.822441592707083e-001	8.317598e-001
4.832681592706809e-001	8.317792e-001
4.842921592706535e-001	8.317984e-001
4.853161592706261e-001	8.318174e-001
4.863401592705987e-001	8.318360e-001
4.873641592705713e-001	8.318545e-001
4.883881592705439e-001	8.318726e-001
4.894121592705165e-001	8.318906e-001
4.904361592704891e-001	8.319082e-001
4.914601592704617e-001	8.319257e-001
4.924841592704343e-001	8.319429e-001
4.935081592704069e-001	8.319599e-001
4.945321592703795e-001	8.319766e-001
4.955561592703521e-001	8.319932e-001
4.965801592703247e-001	8.320094e-001
4.976041592702973e-001	8.320255e-001
4.986281592702699e-001	8.320414e-001
4.996521592702425e-001	8.320570e-001
4.999991592702333e-001	8.320622e-001
5.000000000000000e-001	8.320622e-001
