time	V(A,C)
0.000000000000000e+000	0.000000e+000
1.006310719994777e-003	0.000000e+000
2.030310719994708e-003	0.000000e+000
3.054310719994844e-003	0.000000e+000
4.078310719994979e-003	0.000000e+000
5.000000000000000e-003	0.000000e+000
5.000001428571429e-003	7.142857e-001
5.000002857142858e-003	1.428571e+000
5.000004285714286e-003	2.142857e+000
5.000005714285714e-003	2.857143e+000
5.000007142857143e-003	3.571428e+000
5.000008571428571e-003	4.285714e+000
5.000010000000000e-003	5.000000e+000
5.060159276693119e-003	4.995991e+000
5.206302133835996e-003	4.986266e+000
5.352444990978872e-003	4.976559e+000
5.498587848121748e-003	4.966871e+000
5.644730705264625e-003	4.957202e+000
5.790873562407502e-003	4.947552e+000
5.937016419550379e-003	4.937921e+000
6.083159276693255e-003	4.928309e+000
6.084159276693255e-003	4.928243e+000
6.230302133836132e-003	4.918649e+000
6.376444990979008e-003	4.909074e+000
6.522587848121884e-003	4.899518e+000
6.668730705264761e-003	4.889980e+000
6.814873562407638e-003	4.880461e+000
6.961016419550515e-003	4.870960e+000
7.107159276693391e-003	4.861478e+000
7.108159276693391e-003	4.861414e+000
7.254302133836228e-003	4.851950e+000
7.400444990979065e-003	4.842505e+000
7.546587848121902e-003	4.833078e+000
7.692730705264739e-003	4.823670e+000
7.838873562407577e-003	4.814280e+000
7.985016419550413e-003	4.804908e+000
8.131159276693251e-003	4.795554e+000
8.132159276693250e-003	4.795491e+000
8.278302133835999e-003	4.786155e+000
8.424444990978750e-003	4.776838e+000
8.570587848121499e-003	4.767539e+000
8.716730705264249e-003	4.758259e+000
8.862873562407000e-003	4.748996e+000
9.009016419549749e-003	4.739751e+000
9.155159276692498e-003	4.730525e+000
9.156159276692498e-003	4.730462e+000
9.302302133835247e-003	4.721253e+000
9.448444990977998e-003	4.712062e+000
9.594587848120747e-003	4.702890e+000
9.740730705263496e-003	4.693735e+000
9.886873562406248e-003	4.684598e+000
1.003301641954900e-002	4.675478e+000
1.017915927669175e-002	4.666377e+000
1.018015927669175e-002	4.666315e+000
1.032630213383450e-002	4.657231e+000
1.047244499097725e-002	4.648165e+000
1.061858784812000e-002	4.639117e+000
1.076473070526274e-002	4.630086e+000
1.091087356240550e-002	4.621073e+000
1.105701641954824e-002	4.612077e+000
1.120315927669099e-002	4.603099e+000
1.120415927669099e-002	4.603038e+000
1.135030213383374e-002	4.594077e+000
1.149644499097649e-002	4.585134e+000
1.164258784811924e-002	4.576209e+000
1.178873070526199e-002	4.567300e+000
1.193487356240474e-002	4.558409e+000
1.208101641954749e-002	4.549536e+000
1.222715927669024e-002	4.540679e+000
1.222815927669024e-002	4.540619e+000
1.237430213383299e-002	4.531780e+000
1.252044499097574e-002	4.522958e+000
1.266658784811849e-002	4.514154e+000
1.281273070526124e-002	4.505366e+000
1.295887356240399e-002	4.496596e+000
1.310501641954674e-002	4.487843e+000
1.325115927668949e-002	4.479106e+000
1.325215927668949e-002	4.479047e+000
1.339830213383224e-002	4.470328e+000
1.354444499097499e-002	4.461626e+000
1.369058784811774e-002	4.452940e+000
1.383673070526049e-002	4.444272e+000
1.398287356240324e-002	4.435621e+000
1.412901641954599e-002	4.426986e+000
1.427515927668874e-002	4.418369e+000
1.427615927668874e-002	4.418310e+000
1.442230213383149e-002	4.409709e+000
1.456844499097424e-002	4.401125e+000
1.471458784811699e-002	4.392557e+000
1.486073070525974e-002	4.384007e+000
1.500687356240249e-002	4.375473e+000
1.515301641954524e-002	4.366955e+000
1.529915927668799e-002	4.358454e+000
1.530015927668798e-002	4.358396e+000
1.544630213383091e-002	4.349912e+000
1.559244499097383e-002	4.341445e+000
1.573858784811675e-002	4.332993e+000
1.588473070525968e-002	4.324559e+000
1.603087356240260e-002	4.316140e+000
1.617701641954552e-002	4.307738e+000
1.632315927668844e-002	4.299353e+000
1.632415927668844e-002	4.299296e+000
1.647030213383145e-002	4.290927e+000
1.661644499097445e-002	4.282574e+000
1.676258784811745e-002	4.274237e+000
1.690873070526046e-002	4.265917e+000
1.705487356240346e-002	4.257613e+000
1.720101641954646e-002	4.249325e+000
1.734715927668947e-002	4.241053e+000
1.734815927668947e-002	4.240996e+000
1.749430213383247e-002	4.232741e+000
1.764044499097547e-002	4.224501e+000
1.778658784811848e-002	4.216278e+000
1.793273070526148e-002	4.208070e+000
1.807887356240449e-002	4.199879e+000
1.822501641954749e-002	4.191703e+000
1.837115927669049e-002	4.183544e+000
1.837215927669049e-002	4.183488e+000
1.851830213383350e-002	4.175344e+000
1.866444499097650e-002	4.167217e+000
1.881058784811950e-002	4.159105e+000
1.895673070526251e-002	4.151008e+000
1.910287356240551e-002	4.142928e+000
1.924901641954851e-002	4.134863e+000
1.939515927669152e-002	4.126814e+000
1.939615927669152e-002	4.126759e+000
1.954230213383452e-002	4.118726e+000
1.968844499097752e-002	4.110709e+000
1.983458784812053e-002	4.102707e+000
1.998073070526353e-002	4.094720e+000
2.012687356240654e-002	4.086750e+000
2.027301641954954e-002	4.078794e+000
2.041915927669254e-002	4.070855e+000
2.042015927669254e-002	4.070800e+000
2.056630213383555e-002	4.062876e+000
2.071244499097855e-002	4.054967e+000
2.085858784812155e-002	4.047074e+000
2.100473070526455e-002	4.039196e+000
2.115087356240756e-002	4.031333e+000
2.129701641955056e-002	4.023486e+000
2.144315927669356e-002	4.015654e+000
2.144415927669357e-002	4.015600e+000
2.159030213383657e-002	4.007784e+000
2.173644499097957e-002	3.999982e+000
2.188258784812257e-002	3.992196e+000
2.202873070526558e-002	3.984424e+000
2.217487356240858e-002	3.976668e+000
2.232101641955158e-002	3.968927e+000
2.246715927669459e-002	3.961202e+000
2.246815927669459e-002	3.961149e+000
2.261430213383759e-002	3.953438e+000
2.276044499098059e-002	3.945742e+000
2.290658784812360e-002	3.938062e+000
2.305273070526660e-002	3.930396e+000
2.319887356240961e-002	3.922745e+000
2.334501641955261e-002	3.915109e+000
2.349115927669561e-002	3.907488e+000
2.349215927669561e-002	3.907436e+000
2.363830213383862e-002	3.899830e+000
2.378444499098162e-002	3.892238e+000
2.393058784812462e-002	3.884662e+000
2.407673070526763e-002	3.877100e+000
2.422287356241063e-002	3.869553e+000
2.436901641955363e-002	3.862020e+000
2.451515927669664e-002	3.854503e+000
2.451615927669664e-002	3.854451e+000
2.466230213383964e-002	3.846949e+000
2.480844499098264e-002	3.839460e+000
2.495458784812565e-002	3.831986e+000
2.510073070526865e-002	3.824527e+000
2.524687356241166e-002	3.817082e+000
2.539301641955466e-002	3.809652e+000
2.553915927669766e-002	3.802236e+000
2.554015927669766e-002	3.802186e+000
2.568630213384067e-002	3.794784e+000
2.583244499098367e-002	3.787398e+000
2.597858784812667e-002	3.780025e+000
2.612473070526968e-002	3.772667e+000
2.627087356241268e-002	3.765323e+000
2.641701641955568e-002	3.757994e+000
2.656315927669868e-002	3.750679e+000
2.656415927669869e-002	3.750629e+000
2.671030213384169e-002	3.743328e+000
2.685644499098469e-002	3.736041e+000
2.700258784812770e-002	3.728769e+000
2.714873070527070e-002	3.721510e+000
2.729487356241370e-002	3.714266e+000
2.744101641955670e-002	3.707036e+000
2.758715927669971e-002	3.699820e+000
2.758815927669971e-002	3.699771e+000
2.773430213384271e-002	3.692569e+000
2.788044499098571e-002	3.685381e+000
2.802658784812872e-002	3.678207e+000
2.817273070527172e-002	3.671048e+000
2.831887356241473e-002	3.663902e+000
2.846501641955773e-002	3.656770e+000
2.861115927670073e-002	3.649652e+000
2.861215927670073e-002	3.649603e+000
2.875830213384374e-002	3.642499e+000
2.890444499098674e-002	3.635409e+000
2.905058784812974e-002	3.628332e+000
2.919673070527275e-002	3.621269e+000
2.934287356241575e-002	3.614220e+000
2.948901641955875e-002	3.607185e+000
2.963515927670176e-002	3.600163e+000
2.963615927670176e-002	3.600115e+000
2.978230213384476e-002	3.593108e+000
2.992844499098776e-002	3.586114e+000
3.007458784813077e-002	3.579133e+000
3.022073070527377e-002	3.572166e+000
3.036687356241678e-002	3.565213e+000
3.051301641955978e-002	3.558273e+000
3.065915927670278e-002	3.551347e+000
3.066015927670278e-002	3.551299e+000
3.080630213384579e-002	3.544386e+000
3.095244499098879e-002	3.537487e+000
3.109858784813179e-002	3.530601e+000
3.124473070527479e-002	3.523729e+000
3.139087356241779e-002	3.516870e+000
3.153701641956080e-002	3.510024e+000
3.168315927670380e-002	3.503192e+000
3.168415927670380e-002	3.503145e+000
3.183030213384681e-002	3.496326e+000
3.197644499098981e-002	3.489520e+000
3.212258784813282e-002	3.482728e+000
3.226873070527581e-002	3.475949e+000
3.241487356241882e-002	3.469182e+000
3.256101641956182e-002	3.462429e+000
3.270715927670483e-002	3.455690e+000
3.270815927670483e-002	3.455644e+000
3.285430213384783e-002	3.448917e+000
3.300044499099084e-002	3.442204e+000
3.314658784813384e-002	3.435504e+000
3.329273070527684e-002	3.428816e+000
3.343887356241984e-002	3.422142e+000
3.358501641956285e-002	3.415481e+000
3.373115927670585e-002	3.408832e+000
3.373215927670585e-002	3.408787e+000
3.387830213384886e-002	3.402152e+000
3.402444499099186e-002	3.395529e+000
3.417058784813486e-002	3.388920e+000
3.431673070527786e-002	3.382323e+000
3.446287356242087e-002	3.375739e+000
3.460901641956387e-002	3.369168e+000
3.475515927670687e-002	3.362610e+000
3.475615927670687e-002	3.362566e+000
3.490230213384988e-002	3.356020e+000
3.504844499099288e-002	3.349488e+000
3.519458784813589e-002	3.342968e+000
3.534073070527889e-002	3.336461e+000
3.548687356242189e-002	3.329966e+000
3.563301641956489e-002	3.323484e+000
3.577915927670790e-002	3.317015e+000
3.578015927670790e-002	3.316971e+000
3.592630213385090e-002	3.310515e+000
3.607244499099391e-002	3.304071e+000
3.621858784813691e-002	3.297639e+000
3.636473070527991e-002	3.291220e+000
3.651087356242291e-002	3.284814e+000
3.665701641956592e-002	3.278420e+000
3.680315927670892e-002	3.272039e+000
3.680415927670892e-002	3.271995e+000
3.695030213385193e-002	3.265626e+000
3.709644499099493e-002	3.259269e+000
3.724258784813794e-002	3.252925e+000
3.738873070528093e-002	3.246593e+000
3.753487356242394e-002	3.240274e+000
3.768101641956694e-002	3.233967e+000
3.782715927670995e-002	3.227672e+000
3.782815927670995e-002	3.227629e+000
3.797430213385295e-002	3.221346e+000
3.812044499099596e-002	3.215076e+000
3.826658784813896e-002	3.208818e+000
3.841273070528196e-002	3.202572e+000
3.855887356242496e-002	3.196338e+000
3.870501641956797e-002	3.190116e+000
3.885115927671097e-002	3.183907e+000
3.885215927671097e-002	3.183864e+000
3.899830213385398e-002	3.177667e+000
3.914444499099698e-002	3.171482e+000
3.929058784813998e-002	3.165309e+000
3.943673070528298e-002	3.159147e+000
3.958287356242599e-002	3.152998e+000
3.972901641956899e-002	3.146861e+000
3.987515927671199e-002	3.140736e+000
3.987615927671200e-002	3.140694e+000
4.090015927671302e-002	3.098108e+000
4.192415927671404e-002	3.056101e+000
4.294815927671507e-002	3.014663e+000
4.397215927671609e-002	2.973787e+000
4.499615927671712e-002	2.933465e+000
4.602015927671814e-002	2.893691e+000
4.704415927671916e-002	2.854455e+000
4.806815927672019e-002	2.815752e+000
4.909215927672121e-002	2.777574e+000
5.011615927672224e-002	2.739914e+000
5.114015927672326e-002	2.702764e+000
5.216415927672428e-002	2.666118e+000
5.318815927672531e-002	2.629970e+000
5.421215927672633e-002	2.594311e+000
5.523615927672736e-002	2.559136e+000
5.626015927672838e-002	2.524439e+000
5.728415927672940e-002	2.490211e+000
5.830815927673043e-002	2.456449e+000
5.933215927673145e-002	2.423144e+000
6.035615927673248e-002	2.390290e+000
6.138015927673350e-002	2.357882e+000
6.240415927673453e-002	2.325914e+000
6.342815927673555e-002	2.294380e+000
6.445215927673657e-002	2.263273e+000
6.547615927673760e-002	2.232588e+000
6.650015927673862e-002	2.202319e+000
6.752415927673965e-002	2.172461e+000
6.854815927674067e-002	2.143008e+000
6.957215927674169e-002	2.113954e+000
7.059615927674272e-002	2.085294e+000
7.162015927674374e-002	2.057023e+000
7.264415927674477e-002	2.029135e+000
7.366815927674579e-002	2.001626e+000
7.469215927674681e-002	1.974489e+000
7.571615927674784e-002	1.947721e+000
7.674015927674886e-002	1.921316e+000
7.776415927674989e-002	1.895269e+000
7.878815927675091e-002	1.869575e+000
7.981215927675193e-002	1.844229e+000
8.083615927675296e-002	1.819228e+000
8.186015927675398e-002	1.794565e+000
8.288415927675501e-002	1.770237e+000
8.390815927675603e-002	1.746239e+000
8.493215927675706e-002	1.722567e+000
8.595615927675808e-002	1.699215e+000
8.698015927675910e-002	1.676180e+000
8.800415927676013e-002	1.653458e+000
8.902815927676115e-002	1.631044e+000
9.005215927676218e-002	1.608933e+000
9.107615927676320e-002	1.587123e+000
9.210015927676422e-002	1.565609e+000
9.312415927676525e-002	1.544386e+000
9.414815927676627e-002	1.523451e+000
9.517215927676730e-002	1.502800e+000
9.619615927676832e-002	1.482429e+000
9.722015927676934e-002	1.462335e+000
9.824415927677037e-002	1.442513e+000
9.926815927677139e-002	1.422959e+000
1.002921592767724e-001	1.403671e+000
1.013161592767734e-001	1.384645e+000
1.023401592767745e-001	1.365877e+000
1.033641592767755e-001	1.347363e+000
1.043881592767765e-001	1.329100e+000
1.054121592767775e-001	1.311085e+000
1.064361592767786e-001	1.293314e+000
1.074601592767796e-001	1.275785e+000
1.084841592767806e-001	1.258493e+000
1.095081592767816e-001	1.241436e+000
1.105321592767827e-001	1.224609e+000
1.115561592767837e-001	1.208012e+000
1.125801592767847e-001	1.191639e+000
1.136041592767857e-001	1.175488e+000
1.146281592767868e-001	1.159557e+000
1.156521592767878e-001	1.143841e+000
1.166761592767888e-001	1.128339e+000
1.177001592767898e-001	1.113047e+000
1.187241592767909e-001	1.097962e+000
1.197481592767919e-001	1.083082e+000
1.207721592767929e-001	1.068403e+000
1.217961592767939e-001	1.053924e+000
1.228201592767950e-001	1.039641e+000
1.238441592767960e-001	1.025552e+000
1.248681592767970e-001	1.011654e+000
1.258921592767980e-001	9.979448e-001
1.269161592767990e-001	9.844208e-001
1.279401592768001e-001	9.710808e-001
1.289641592768011e-001	9.579215e-001
1.299881592768021e-001	9.449406e-001
1.310121592768031e-001	9.321361e-001
1.320361592768042e-001	9.195051e-001
1.330601592768052e-001	9.070454e-001
1.340841592768062e-001	8.947544e-001
1.351081592768072e-001	8.826303e-001
1.361321592768083e-001	8.706708e-001
1.371561592768093e-001	8.588734e-001
1.381801592768103e-001	8.472357e-001
1.392041592768113e-001	8.357563e-001
1.402281592768123e-001	8.244324e-001
1.412521592768134e-001	8.132620e-001
1.422761592768144e-001	8.022432e-001
1.433001592768154e-001	7.913737e-001
1.443241592768164e-001	7.806520e-001
1.453481592768175e-001	7.700753e-001
1.463721592768185e-001	7.596426e-001
1.473961592768195e-001	7.493510e-001
1.484201592768205e-001	7.391987e-001
1.494441592768216e-001	7.291846e-001
1.504681592768226e-001	7.193060e-001
1.514921592768236e-001	7.095613e-001
1.525161592768246e-001	6.999493e-001
1.535401592768257e-001	6.904674e-001
1.545641592768267e-001	6.811137e-001
1.555881592768277e-001	6.718874e-001
1.566121592768287e-001	6.627860e-001
1.576361592768298e-001	6.538081e-001
1.586601592768308e-001	6.449518e-001
1.596841592768318e-001	6.362157e-001
1.607081592768328e-001	6.275983e-001
1.617321592768339e-001	6.190977e-001
1.627561592768349e-001	6.107121e-001
1.637801592768359e-001	6.024404e-001
1.648041592768369e-001	5.942812e-001
1.658281592768379e-001	5.862322e-001
1.668521592768390e-001	5.782924e-001
1.678761592768400e-001	5.704608e-001
1.689001592768410e-001	5.627351e-001
1.699241592768420e-001	5.551138e-001
1.709481592768431e-001	5.475965e-001
1.719721592768441e-001	5.401807e-001
1.729961592768451e-001	5.328655e-001
1.740201592768461e-001	5.256500e-001
1.750441592768472e-001	5.185318e-001
1.760681592768482e-001	5.115104e-001
1.770921592768492e-001	5.045843e-001
1.781161592768502e-001	4.977517e-001
1.791401592768513e-001	4.910121e-001
1.801641592768523e-001	4.843640e-001
1.811881592768533e-001	4.778061e-001
1.822121592768543e-001	4.713368e-001
1.832361592768554e-001	4.649558e-001
1.842601592768564e-001	4.586606e-001
1.852841592768574e-001	4.524512e-001
1.863081592768584e-001	4.463263e-001
1.873321592768595e-001	4.402843e-001
1.883561592768605e-001	4.343238e-001
1.893801592768615e-001	4.284444e-001
1.904041592768625e-001	4.226451e-001
1.914281592768636e-001	4.169240e-001
1.924521592768646e-001	4.112806e-001
1.934761592768656e-001	4.057140e-001
1.945001592768666e-001	4.002223e-001
1.955241592768676e-001	3.948059e-001
1.965481592768687e-001	3.894625e-001
1.975721592768697e-001	3.841915e-001
1.985961592768707e-001	3.789921e-001
1.996201592768717e-001	3.738632e-001
2.006441592768728e-001	3.688040e-001
2.016681592768738e-001	3.638129e-001
2.026921592768748e-001	3.588901e-001
2.037161592768758e-001	3.540339e-001
2.047401592768769e-001	3.492436e-001
2.057641592768779e-001	3.445182e-001
2.067881592768789e-001	3.398566e-001
2.078121592768799e-001	3.352585e-001
2.088361592768810e-001	3.307228e-001
2.098601592768820e-001	3.262486e-001
2.108841592768830e-001	3.218350e-001
2.119081592768840e-001	3.174815e-001
2.129321592768851e-001	3.131866e-001
2.139561592768861e-001	3.089504e-001
2.149801592768871e-001	3.047714e-001
2.160041592768881e-001	3.006492e-001
2.170281592768892e-001	2.965827e-001
2.180521592768902e-001	2.925715e-001
2.190761592768912e-001	2.886147e-001
2.201001592768922e-001	2.847118e-001
2.211241592768933e-001	2.808614e-001
2.221481592768943e-001	2.770634e-001
2.231721592768953e-001	2.733173e-001
2.241961592768963e-001	2.696214e-001
2.252201592768973e-001	2.659760e-001
2.262441592768984e-001	2.623801e-001
2.272681592768994e-001	2.588325e-001
2.282921592769004e-001	2.553334e-001
2.293161592769014e-001	2.518816e-001
2.303401592769025e-001	2.484765e-001
2.313641592769035e-001	2.451181e-001
2.323881592769045e-001	2.418046e-001
2.334121592769055e-001	2.385364e-001
2.344361592769066e-001	2.353125e-001
2.354601592769076e-001	2.321324e-001
2.364841592769086e-001	2.289953e-001
2.375081592769096e-001	2.259007e-001
2.385321592769107e-001	2.228484e-001
2.395561592769117e-001	2.198372e-001
2.405801592769127e-001	2.168670e-001
2.416041592769137e-001	2.139368e-001
2.426281592769148e-001	2.110467e-001
2.436521592769158e-001	2.081957e-001
2.446761592769168e-001	2.053833e-001
2.457001592769178e-001	2.026086e-001
2.467241592769189e-001	1.998720e-001
2.477481592769199e-001	1.971726e-001
2.487721592769209e-001	1.945095e-001
2.497961592769219e-001	1.918831e-001
2.508201592769002e-001	1.892920e-001
2.518441592768728e-001	1.867356e-001
2.528681592768454e-001	1.842146e-001
2.538921592768180e-001	1.817274e-001
2.549161592767906e-001	1.792736e-001
2.559401592767632e-001	1.768537e-001
2.569641592767358e-001	1.744661e-001
2.579881592767084e-001	1.721115e-001
2.590121592766810e-001	1.697884e-001
2.600361592766536e-001	1.674967e-001
2.610601592766262e-001	1.652365e-001
2.620841592765988e-001	1.630068e-001
2.631081592765714e-001	1.608071e-001
2.641321592765440e-001	1.586375e-001
2.651561592765166e-001	1.564970e-001
2.661801592764892e-001	1.543860e-001
2.672041592764618e-001	1.523032e-001
2.682281592764344e-001	1.502490e-001
2.692521592764070e-001	1.482224e-001
2.702761592763796e-001	1.462235e-001
2.713001592763522e-001	1.442513e-001
2.723241592763248e-001	1.423063e-001
2.733481592762974e-001	1.403875e-001
2.743721592762700e-001	1.384950e-001
2.753961592762426e-001	1.366277e-001
2.764201592762152e-001	1.347861e-001
2.774441592761878e-001	1.329694e-001
2.784681592761604e-001	1.311769e-001
2.794921592761330e-001	1.294093e-001
2.805161592761056e-001	1.276655e-001
2.815401592760782e-001	1.259451e-001
2.825641592760508e-001	1.242485e-001
2.835881592760234e-001	1.225743e-001
2.846121592759960e-001	1.209235e-001
2.856361592759686e-001	1.192946e-001
2.866601592759412e-001	1.176882e-001
2.876841592759138e-001	1.161032e-001
2.887081592758864e-001	1.145396e-001
2.897321592758591e-001	1.129975e-001
2.907561592758317e-001	1.114764e-001
2.917801592758043e-001	1.099758e-001
2.928041592757769e-001	1.084952e-001
2.938281592757495e-001	1.070352e-001
2.948521592757221e-001	1.055946e-001
2.958761592756947e-001	1.041741e-001
2.969001592756673e-001	1.027722e-001
2.979241592756399e-001	1.013899e-001
2.989481592756125e-001	1.000261e-001
2.999721592755851e-001	9.868050e-002
3.009961592755577e-001	9.735346e-002
3.020201592755303e-001	9.604454e-002
3.030441592755029e-001	9.475327e-002
3.040681592754755e-001	9.347916e-002
3.050921592754481e-001	9.222269e-002
3.061161592754207e-001	9.098339e-002
3.071401592753933e-001	8.976078e-002
3.081641592753659e-001	8.855438e-002
3.091881592753385e-001	8.736467e-002
3.102121592753111e-001	8.619118e-002
3.112361592752837e-001	8.503342e-002
3.122601592752563e-001	8.389139e-002
3.132841592752289e-001	8.276510e-002
3.143081592752015e-001	8.165359e-002
3.153321592751741e-001	8.055735e-002
3.163561592751467e-001	7.947636e-002
3.173801592751193e-001	7.840967e-002
3.184041592750919e-001	7.735729e-002
3.194281592750645e-001	7.631969e-002
3.204521592750371e-001	7.529593e-002
3.214761592750097e-001	7.428598e-002
3.225001592749823e-001	7.328987e-002
3.235241592749549e-001	7.230711e-002
3.245481592749275e-001	7.133770e-002
3.255721592749001e-001	7.038116e-002
3.265961592748727e-001	6.943798e-002
3.276201592748453e-001	6.850767e-002
3.286441592748179e-001	6.758976e-002
3.296681592747905e-001	6.668425e-002
3.306921592747631e-001	6.579113e-002
3.317161592747357e-001	6.490993e-002
3.327401592747084e-001	6.404114e-002
3.337641592746810e-001	6.318378e-002
3.347881592746536e-001	6.233835e-002
3.358121592746262e-001	6.150389e-002
3.368361592745988e-001	6.068134e-002
3.378601592745714e-001	5.986929e-002
3.388841592745440e-001	5.906868e-002
3.399081592745166e-001	5.827904e-002
3.409321592744892e-001	5.749989e-002
3.419561592744618e-001	5.673122e-002
3.429801592744344e-001	5.597305e-002
3.440041592744070e-001	5.522537e-002
3.450281592743796e-001	5.448771e-002
3.460521592743522e-001	5.376005e-002
3.470761592743248e-001	5.304193e-002
3.481001592742974e-001	5.233383e-002
3.491241592742700e-001	5.163527e-002
3.501481592742426e-001	5.094624e-002
3.511721592742152e-001	5.026674e-002
3.521961592741878e-001	4.959631e-002
3.532201592741604e-001	4.893494e-002
3.542441592741330e-001	4.828262e-002
3.552681592741056e-001	4.763889e-002
3.562921592740782e-001	4.700422e-002
3.573161592740508e-001	4.637814e-002
3.583401592740234e-001	4.576015e-002
3.593641592739960e-001	4.515076e-002
3.603881592739686e-001	4.454994e-002
3.614121592739412e-001	4.395676e-002
3.624361592739138e-001	4.337215e-002
3.634601592738864e-001	4.279518e-002
3.644841592738590e-001	4.222584e-002
3.655081592738316e-001	4.166460e-002
3.665321592738042e-001	4.111052e-002
3.675561592737768e-001	4.056454e-002
3.685801592737494e-001	4.002571e-002
3.696041592737220e-001	3.949404e-002
3.706281592736946e-001	3.896952e-002
3.716521592736672e-001	3.845263e-002
3.726761592736398e-001	3.794241e-002
3.737001592736124e-001	3.743887e-002
3.747241592735850e-001	3.694248e-002
3.757481592735577e-001	3.645277e-002
3.767721592735303e-001	3.596973e-002
3.777961592735029e-001	3.549290e-002
3.788201592734755e-001	3.502321e-002
3.798441592734481e-001	3.455925e-002
3.808681592734207e-001	3.410196e-002
3.818921592733933e-001	3.365088e-002
3.829161592733659e-001	3.320551e-002
3.839401592733385e-001	3.276634e-002
3.849641592733111e-001	3.233337e-002
3.859881592732837e-001	3.190613e-002
3.870121592732563e-001	3.148460e-002
3.880361592732289e-001	3.106880e-002
3.890601592732015e-001	3.065872e-002
3.900841592731741e-001	3.025436e-002
3.911081592731467e-001	2.985525e-002
3.921321592731193e-001	2.946186e-002
3.931561592730919e-001	2.907324e-002
3.941801592730645e-001	2.869034e-002
3.952041592730371e-001	2.831268e-002
3.962281592730097e-001	2.793980e-002
3.972521592729823e-001	2.757215e-002
3.982761592729549e-001	2.720976e-002
3.993001592729275e-001	2.685165e-002
4.003241592729001e-001	2.649879e-002
4.013481592728727e-001	2.615070e-002
4.023721592728453e-001	2.580738e-002
4.033961592728179e-001	2.546883e-002
4.044201592727905e-001	2.513456e-002
4.054441592727631e-001	2.480507e-002
4.064681592727357e-001	2.447987e-002
4.074921592727083e-001	2.415943e-002
4.085161592726809e-001	2.384281e-002
4.095401592726535e-001	2.353096e-002
4.105641592726261e-001	2.322292e-002
4.115881592725987e-001	2.291918e-002
4.126121592725713e-001	2.261972e-002
4.136361592725439e-001	2.232409e-002
4.146601592725165e-001	2.203274e-002
4.156841592724891e-001	2.174520e-002
4.167081592724617e-001	2.146149e-002
4.177321592724343e-001	2.118206e-002
4.187561592724070e-001	2.090597e-002
4.197801592723796e-001	2.063370e-002
4.208041592723522e-001	2.036524e-002
4.218281592723248e-001	2.010012e-002
4.228521592722974e-001	1.983881e-002
4.238761592722700e-001	1.958084e-002
4.249001592722426e-001	1.932669e-002
4.259241592722152e-001	1.907587e-002
4.269481592721878e-001	1.882839e-002
4.279721592721604e-001	1.858425e-002
4.289961592721330e-001	1.834393e-002
4.300201592721056e-001	1.810646e-002
4.310441592720782e-001	1.787186e-002
4.320681592720508e-001	1.764107e-002
4.330921592720234e-001	1.741314e-002
4.341161592719960e-001	1.718807e-002
4.351401592719686e-001	1.696634e-002
4.361641592719412e-001	1.674747e-002
4.371881592719138e-001	1.653147e-002
4.382121592718864e-001	1.631880e-002
4.392361592718590e-001	1.610851e-002
4.402601592718316e-001	1.590157e-002
4.412841592718042e-001	1.569700e-002
4.423081592717768e-001	1.549530e-002
4.433321592717494e-001	1.529646e-002
4.443561592717220e-001	1.510048e-002
4.453801592716946e-001	1.490688e-002
4.464041592716672e-001	1.471615e-002
4.474281592716398e-001	1.452780e-002
4.484521592716124e-001	1.434183e-002
4.494761592715850e-001	1.415873e-002
4.505001592715576e-001	1.397800e-002
4.515241592715302e-001	1.379967e-002
4.525481592715028e-001	1.362419e-002
4.535721592714754e-001	1.345062e-002
4.545961592714480e-001	1.327944e-002
4.556201592714206e-001	1.311064e-002
4.566441592713932e-001	1.294422e-002
4.576681592713658e-001	1.277971e-002
4.586921592713384e-001	1.261759e-002
4.597161592713110e-001	1.245785e-002
4.607401592712836e-001	1.230001e-002
4.617641592712563e-001	1.214457e-002
4.627881592712289e-001	1.199150e-002
4.638121592712015e-001	1.183987e-002
4.648361592711741e-001	1.169062e-002
4.658601592711467e-001	1.154327e-002
4.668841592711193e-001	1.139832e-002
4.679081592710919e-001	1.125479e-002
4.689321592710645e-001	1.111364e-002
4.699561592710371e-001	1.097393e-002
4.709801592710097e-001	1.083660e-002
4.720041592709823e-001	1.070070e-002
4.730281592709549e-001	1.056719e-002
4.740521592709275e-001	1.043510e-002
4.750761592709001e-001	1.030493e-002
4.761001592708727e-001	1.017618e-002
4.771241592708453e-001	1.004982e-002
4.781481592708179e-001	9.924412e-003
4.791721592707905e-001	9.801388e-003
4.801961592707631e-001	9.679794e-003
4.812201592707357e-001	9.559631e-003
4.822441592707083e-001	9.441376e-003
4.832681592706809e-001	9.324551e-003
4.842921592706535e-001	9.209633e-003
4.853161592706261e-001	9.095669e-003
4.863401592705987e-001	8.983612e-003
4.873641592705713e-001	8.872986e-003
4.883881592705439e-001	8.764267e-003
4.894121592705165e-001	8.656502e-003
4.904361592704891e-001	8.550644e-003
4.914601592704617e-001	8.445740e-003
4.924841592704343e-001	8.342743e-003
4.935081592704069e-001	8.240700e-003
4.945321592703795e-001	8.140087e-003
4.955561592703521e-001	8.041382e-003
4.965801592703247e-001	7.943630e-003
4.976041592702973e-001	7.846832e-003
4.986281592702699e-001	7.751942e-003
4.996521592702425e-001	7.658005e-003
4.999991592702333e-001	7.626534e-003
5.000000000000000e-001	7.626534e-003
